%029black-s03
   1.00000	   0.00000
   0.99641	   0.00003
   0.98944	   0.00077
   0.98185	   0.00153
   0.97393	   0.00230
   0.96595	   0.00309
   0.95794	   0.00388
   0.94993	   0.00467
   0.94196	   0.00545
   0.93403	   0.00627
   0.92606	   0.00705
   0.91805	   0.00784
   0.91004	   0.00863
   0.90208	   0.00942
   0.89413	   0.01023
   0.88616	   0.01101
   0.87819	   0.01177
   0.87022	   0.01256
   0.86226	   0.01337
   0.85429	   0.01415
   0.84629	   0.01491
   0.83829	   0.01567
   0.83032	   0.01643
   0.82236	   0.01721
   0.81438	   0.01797
   0.80638	   0.01870
   0.79837	   0.01944
   0.79035	   0.02017
   0.78236	   0.02090
   0.77437	   0.02161
   0.76637	   0.02232
   0.75839	   0.02302
   0.75038	   0.02370
   0.74238	   0.02438
   0.73438	   0.02504
   0.72637	   0.02569
   0.71835	   0.02634
   0.71034	   0.02697
   0.70233	   0.02759
   0.69431	   0.02820
   0.68629	   0.02880
   0.67826	   0.02939
   0.67025	   0.02996
   0.66224	   0.03051
   0.65422	   0.03104
   0.64619	   0.03157
   0.63815	   0.03208
   0.63013	   0.03259
   0.62211	   0.03308
   0.61408	   0.03356
   0.60606	   0.03402
   0.59804	   0.03445
   0.59002	   0.03487
   0.58199	   0.03527
   0.57396	   0.03566
   0.56592	   0.03603
   0.55790	   0.03639
   0.54989	   0.03672
   0.54187	   0.03703
   0.53385	   0.03730
   0.52582	   0.03756
   0.51777	   0.03781
   0.50972	   0.03805
   0.50167	   0.03829
   0.49363	   0.03851
   0.48560	   0.03871
   0.47758	   0.03888
   0.46957	   0.03902
   0.46157	   0.03911
   0.45356	   0.03917
   0.44554	   0.03919
   0.43751	   0.03918
   0.42947	   0.03915
   0.42143	   0.03910
   0.41337	   0.03904
   0.40532	   0.03898
   0.39727	   0.03891
   0.38924	   0.03884
   0.38121	   0.03874
   0.37319	   0.03861
   0.36516	   0.03847
   0.35712	   0.03830
   0.34908	   0.03812
   0.34105	   0.03792
   0.33301	   0.03771
   0.32499	   0.03747
   0.31697	   0.03721
   0.30894	   0.03693
   0.30090	   0.03663
   0.29287	   0.03632
   0.28483	   0.03600
   0.27680	   0.03566
   0.26878	   0.03531
   0.26077	   0.03493
   0.25273	   0.03452
   0.24470	   0.03411
   0.23670	   0.03368
   0.22869	   0.03321
   0.22067	   0.03272
   0.21265	   0.03221
   0.20463	   0.03168
   0.19663	   0.03113
   0.18862	   0.03055
   0.18061	   0.02997
   0.17266	   0.02937
   0.16469	   0.02869
   0.15668	   0.02803
   0.14872	   0.02735
   0.14075	   0.02664
   0.13280	   0.02591
   0.12486	   0.02512
   0.11689	   0.02427
   0.10904	   0.02344
   0.10122	   0.02249
   0.09334	   0.02154
   0.08559	   0.02054
   0.07769	   0.01958
   0.06986	   0.01852
   0.06208	   0.01742
   0.05453	   0.01618
   0.04696	   0.01497
   0.03930	   0.01356
   0.03148	   0.01209
   0.02396	   0.01060
   0.01713	   0.00910
   0.01101	   0.00729
   0.00642	   0.00536
   0.00376	   0.00371
   0.00187	   0.00239
   0.00062	   0.00128
   0.00006	   0.00035
   0.00010	  -0.00047
   0.00076	  -0.00146
   0.00218	  -0.00264
   0.00535	  -0.00427
   0.01077	  -0.00594
   0.01786	  -0.00706
   0.02567	  -0.00792
   0.03358	  -0.00866
   0.04155	  -0.00934
   0.04953	  -0.00998
   0.05752	  -0.01057
   0.06549	  -0.01111
   0.07348	  -0.01160
   0.08150	  -0.01206
   0.08954	  -0.01250
   0.09757	  -0.01293
   0.10559	  -0.01334
   0.11360	  -0.01373
   0.12161	  -0.01408
   0.12963	  -0.01441
   0.13766	  -0.01472
   0.14569	  -0.01501
   0.15373	  -0.01528
   0.16177	  -0.01555
   0.16982	  -0.01580
   0.17786	  -0.01605
   0.18590	  -0.01629
   0.19394	  -0.01652
   0.20198	  -0.01673
   0.21002	  -0.01694
   0.21806	  -0.01714
   0.22610	  -0.01732
   0.23414	  -0.01749
   0.24218	  -0.01766
   0.25022	  -0.01781
   0.25826	  -0.01795
   0.26631	  -0.01809
   0.27435	  -0.01821
   0.28239	  -0.01833
   0.29044	  -0.01843
   0.29848	  -0.01853
   0.30653	  -0.01862
   0.31458	  -0.01870
   0.32262	  -0.01877
   0.33067	  -0.01884
   0.33871	  -0.01889
   0.34676	  -0.01894
   0.35480	  -0.01897
   0.36285	  -0.01900
   0.37089	  -0.01902
   0.37894	  -0.01903
   0.38698	  -0.01902
   0.39503	  -0.01901
   0.40307	  -0.01899
   0.41112	  -0.01896
   0.41916	  -0.01892
   0.42720	  -0.01886
   0.43525	  -0.01880
   0.44329	  -0.01872
   0.45133	  -0.01863
   0.45937	  -0.01853
   0.46740	  -0.01841
   0.47543	  -0.01827
   0.48347	  -0.01812
   0.49150	  -0.01795
   0.49955	  -0.01776
   0.50759	  -0.01757
   0.51563	  -0.01736
   0.52366	  -0.01714
   0.53169	  -0.01690
   0.53973	  -0.01665
   0.54778	  -0.01639
   0.55582	  -0.01613
   0.56386	  -0.01585
   0.57190	  -0.01557
   0.57995	  -0.01528
   0.58800	  -0.01499
   0.59605	  -0.01470
   0.60410	  -0.01441
   0.61214	  -0.01412
   0.62019	  -0.01383
   0.62823	  -0.01354
   0.63628	  -0.01326
   0.64433	  -0.01298
   0.65237	  -0.01270
   0.66042	  -0.01242
   0.66846	  -0.01213
   0.67651	  -0.01184
   0.68456	  -0.01155
   0.69261	  -0.01126
   0.70065	  -0.01097
   0.70870	  -0.01068
   0.71674	  -0.01039
   0.72479	  -0.01011
   0.73284	  -0.00983
   0.74088	  -0.00955
   0.74893	  -0.00926
   0.75697	  -0.00897
   0.76502	  -0.00868
   0.77307	  -0.00839
   0.78112	  -0.00810
   0.78916	  -0.00781
   0.79721	  -0.00752
   0.80525	  -0.00724
   0.81330	  -0.00696
   0.82135	  -0.00668
   0.82939	  -0.00640
   0.83743	  -0.00611
   0.84548	  -0.00582
   0.85352	  -0.00553
   0.86157	  -0.00524
   0.86962	  -0.00495
   0.87766	  -0.00466
   0.88570	  -0.00438
   0.89375	  -0.00410
   0.90180	  -0.00382
   0.90984	  -0.00354
   0.91788	  -0.00325
   0.92593	  -0.00296
   0.93398	  -0.00267
   0.94201	  -0.00238
   0.95004	  -0.00209
   0.95807	  -0.00182
   0.96608	  -0.00153
   0.97392	  -0.00125
   0.98180	  -0.00101
   0.98949	  -0.00075
   0.99651	  -0.00032
   1.00000	   0.00000
