%029hpz-section-0
   1.00000	   0.00000
   0.99961	   0.00078
   0.99922	   0.00117
   0.99883	   0.00155
   0.99573	   0.00272
   0.98970	   0.00389
   0.98349	   0.00505
   0.97747	   0.00622
   0.97145	   0.00738
   0.96523	   0.00855
   0.95901	   0.00971
   0.95280	   0.01088
   0.94658	   0.01204
   0.94056	   0.01321
   0.93454	   0.01437
   0.92852	   0.01554
   0.92288	   0.01671
   0.91764	   0.01787
   0.91239	   0.01904
   0.90695	   0.02020
   0.90152	   0.02137
   0.89608	   0.02253
   0.89064	   0.02370
   0.88500	   0.02486
   0.87937	   0.02603
   0.87354	   0.02720
   0.86752	   0.02836
   0.86189	   0.02953
   0.85587	   0.03069
   0.84946	   0.03186
   0.84343	   0.03302
   0.83722	   0.03419
   0.83081	   0.03535
   0.82420	   0.03652
   0.81740	   0.03768
   0.81080	   0.03885
   0.80400	   0.04002
   0.79701	   0.04118
   0.78963	   0.04235
   0.78166	   0.04351
   0.77331	   0.04468
   0.76418	   0.04584
   0.75447	   0.04701
   0.74378	   0.04817
   0.73155	   0.04934
   0.71834	   0.05051
   0.70377	   0.05167
   0.68648	   0.05284
   0.66628	   0.05400
   0.64025	   0.05517
   0.60004	   0.05633
   0.52001	   0.05594
   0.44658	   0.05478
   0.41472	   0.05361
   0.38967	   0.05245
   0.36869	   0.05128
   0.35082	   0.05012
   0.33411	   0.04895
   0.31838	   0.04779
   0.30342	   0.04662
   0.28846	   0.04545
   0.27409	   0.04429
   0.26010	   0.04312
   0.24650	   0.04196
   0.23310	   0.04079
   0.22028	   0.03963
   0.20824	   0.03846
   0.19658	   0.03730
   0.18512	   0.03613
   0.17424	   0.03497
   0.16434	   0.03380
   0.15482	   0.03263
   0.14549	   0.03147
   0.13656	   0.03030
   0.12840	   0.02914
   0.12044	   0.02797
   0.11286	   0.02681
   0.10587	   0.02564
   0.09887	   0.02448
   0.09246	   0.02331
   0.08625	   0.02214
   0.07984	   0.02098
   0.07420	   0.01981
   0.06876	   0.01865
   0.06313	   0.01748
   0.05944	   0.01709
   0.05769	   0.01671
   0.05594	   0.01632
   0.05420	   0.01593
   0.05264	   0.01554
   0.05089	   0.01515
   0.04915	   0.01476
   0.04759	   0.01437
   0.04604	   0.01399
   0.04448	   0.01360
   0.04274	   0.01321
   0.04099	   0.01282
   0.03943	   0.01243
   0.03788	   0.01204
   0.03632	   0.01166
   0.03477	   0.01127
   0.03322	   0.01088
   0.03186	   0.01049
   0.03050	   0.01010
   0.02894	   0.00971
   0.02739	   0.00932
   0.02603	   0.00894
   0.02467	   0.00855
   0.02312	   0.00816
   0.02156	   0.00777
   0.02020	   0.00738
   0.01904	   0.00699
   0.01768	   0.00660
   0.01612	   0.00622
   0.01476	   0.00583
   0.01340	   0.00544
   0.01204	   0.00505
   0.01068	   0.00466
   0.00932	   0.00427
   0.00796	   0.00389
   0.00660	   0.00350
   0.00544	   0.00311
   0.00427	   0.00272
   0.00291	   0.00233
   0.00155	   0.00194
   0.00078	   0.00155
   0.00039	   0.00117
   0.00000	   0.00000
   0.00039	  -0.00194
   0.00117	  -0.00233
   0.00233	  -0.00272
   0.00369	  -0.00311
   0.00524	  -0.00350
   0.00680	  -0.00389
   0.00835	  -0.00427
   0.00991	  -0.00466
   0.01146	  -0.00505
   0.01301	  -0.00544
   0.01457	  -0.00583
   0.01612	  -0.00622
   0.01768	  -0.00660
   0.01923	  -0.00699
   0.02098	  -0.00738
   0.02273	  -0.00777
   0.02428	  -0.00816
   0.02603	  -0.00855
   0.02778	  -0.00894
   0.02953	  -0.00932
   0.03147	  -0.00971
   0.03322	  -0.01010
   0.03497	  -0.01049
   0.03691	  -0.01088
   0.03866	  -0.01127
   0.04060	  -0.01166
   0.04274	  -0.01204
   0.04468	  -0.01243
   0.04662	  -0.01282
   0.04856	  -0.01321
   0.05070	  -0.01360
   0.05264	  -0.01399
   0.05458	  -0.01437
   0.05711	  -0.01476
   0.05944	  -0.01515
   0.06138	  -0.01554
   0.06371	  -0.01593
   0.06624	  -0.01632
   0.06857	  -0.01671
   0.07110	  -0.01709
   0.07382	  -0.01748
   0.07634	  -0.01787
   0.07887	  -0.01826
   0.08159	  -0.01865
   0.08450	  -0.01904
   0.08741	  -0.01943
   0.09052	  -0.01981
   0.09363	  -0.02020
   0.09654	  -0.02059
   0.09965	  -0.02098
   0.10315	  -0.02137
   0.10664	  -0.02176
   0.11033	  -0.02214
   0.11422	  -0.02253
   0.11791	  -0.02292
   0.12179	  -0.02331
   0.12607	  -0.02370
   0.13073	  -0.02409
   0.13539	  -0.02448
   0.14005	  -0.02486
   0.14510	  -0.02525
   0.15074	  -0.02564
   0.15676	  -0.02603
   0.16278	  -0.02642
   0.16919	  -0.02681
   0.18026	  -0.02720
   0.19639	  -0.02797
   0.21445	  -0.02875
   0.23427	  -0.02953
   0.25524	  -0.03030
   0.27661	  -0.03108
   0.29701	  -0.03186
   0.31702	  -0.03263
   0.33702	  -0.03341
   0.35684	  -0.03419
   0.37956	  -0.03497
   0.40773	  -0.03574
   0.44794	  -0.03652
   0.51340	  -0.03730
   0.58605	  -0.03730
   0.63364	  -0.03652
   0.66045	  -0.03574
   0.68104	  -0.03497
   0.69833	  -0.03419
   0.71309	  -0.03341
   0.72611	  -0.03263
   0.73776	  -0.03186
   0.74825	  -0.03108
   0.75777	  -0.03030
   0.76612	  -0.02953
   0.77389	  -0.02875
   0.78147	  -0.02797
   0.78846	  -0.02720
   0.79507	  -0.02642
   0.80167	  -0.02564
   0.80847	  -0.02486
   0.81488	  -0.02409
   0.82148	  -0.02331
   0.82828	  -0.02253
   0.83469	  -0.02176
   0.84130	  -0.02098
   0.84810	  -0.02020
   0.85490	  -0.01943
   0.86150	  -0.01865
   0.86810	  -0.01787
   0.87510	  -0.01709
   0.88190	  -0.01632
   0.88850	  -0.01554
   0.89510	  -0.01476
   0.90171	  -0.01399
   0.90831	  -0.01321
   0.91492	  -0.01243
   0.92152	  -0.01166
   0.92832	  -0.01088
   0.93512	  -0.01010
   0.94172	  -0.00932
   0.94833	  -0.00855
   0.95493	  -0.00777
   0.96173	  -0.00699
   0.96853	  -0.00622
   0.97514	  -0.00544
   0.98174	  -0.00466
   0.98834	  -0.00389
   0.99495	  -0.00311
   0.99864	  -0.00233
   0.99922	  -0.00194
   0.99961	  -0.00155
   1.00000	   0.00000
