blackpig-final-opt2
   1.00000	   0.00000
   0.99536	   0.00124
   0.98812	   0.00300
   0.98050	   0.00515
   0.97218	   0.00725
   0.96300	   0.00928
   0.95309	   0.01147
   0.94278	   0.01376
   0.93223	   0.01605
   0.92158	   0.01841
   0.91087	   0.02079
   0.90002	   0.02311
   0.88907	   0.02546
   0.87814	   0.02781
   0.86726	   0.03008
   0.85642	   0.03232
   0.84566	   0.03462
   0.83478	   0.03683
   0.82377	   0.03903
   0.81275	   0.04123
   0.80188	   0.04341
   0.79116	   0.04562
   0.78045	   0.04774
   0.76977	   0.04983
   0.75902	   0.05196
   0.74805	   0.05407
   0.73693	   0.05623
   0.72577	   0.05839
   0.71466	   0.06054
   0.70352	   0.06262
   0.69228	   0.06473
   0.68101	   0.06685
   0.66974	   0.06896
   0.65855	   0.07106
   0.64740	   0.07311
   0.63620	   0.07514
   0.62496	   0.07719
   0.61379	   0.07922
   0.60277	   0.08122
   0.59188	   0.08315
   0.58099	   0.08513
   0.57002	   0.08706
   0.55894	   0.08896
   0.54784	   0.09086
   0.53671	   0.09271
   0.52560	   0.09452
   0.51447	   0.09623
   0.50330	   0.09792
   0.49220	   0.09953
   0.48113	   0.10106
   0.47005	   0.10251
   0.45905	   0.10388
   0.44814	   0.10512
   0.43725	   0.10624
   0.42634	   0.10723
   0.41545	   0.10812
   0.40473	   0.10887
   0.39421	   0.10944
   0.38383	   0.10980
   0.37344	   0.10993
   0.36291	   0.10988
   0.35215	   0.10969
   0.34113	   0.10942
   0.32992	   0.10911
   0.31868	   0.10882
   0.30759	   0.10851
   0.29671	   0.10814
   0.28604	   0.10766
   0.27549	   0.10701
   0.26493	   0.10617
   0.25429	   0.10516
   0.24367	   0.10400
   0.23313	   0.10271
   0.22271	   0.10126
   0.21252	   0.09963
   0.20235	   0.09772
   0.19222	   0.09569
   0.18236	   0.09345
   0.17254	   0.09094
   0.16287	   0.08824
   0.15329	   0.08532
   0.14391	   0.08223
   0.13468	   0.07907
   0.12559	   0.07566
   0.11672	   0.07230
   0.10813	   0.06886
   0.09996	   0.06545
   0.09205	   0.06194
   0.08423	   0.05833
   0.07666	   0.05456
   0.06929	   0.05088
   0.06254	   0.04752
   0.05669	   0.04436
   0.05147	   0.04136
   0.04661	   0.03869
   0.04229	   0.03609
   0.03843	   0.03377
   0.03502	   0.03174
   0.03210	   0.02981
   0.02952	   0.02807
   0.02715	   0.02663
   0.02502	   0.02532
   0.02313	   0.02404
   0.02140	   0.02287
   0.01980	   0.02183
   0.01833	   0.02089
   0.01702	   0.01992
   0.01583	   0.01898
   0.01460	   0.01832
   0.01327	   0.01798
   0.01222	   0.01727
   0.01120	   0.01649
   0.01011	   0.01578
   0.00919	   0.01486
   0.00826	   0.01393
   0.00736	   0.01296
   0.00654	   0.01192
   0.00542	   0.01112
   0.00439	   0.01007
   0.00329	   0.00896
   0.00221	   0.00767
   0.00139	   0.00592
   0.00043	   0.00387
   0.00001	   0.00059
   0.00024	  -0.00319
   0.00106	  -0.00527
   0.00188	  -0.00692
   0.00303	  -0.00806
   0.00412	  -0.00905
   0.00514	  -0.00995
   0.00596	  -0.01102
   0.00690	  -0.01195
   0.00781	  -0.01287
   0.00879	  -0.01367
   0.00987	  -0.01432
   0.01076	  -0.01517
   0.01180	  -0.01584
   0.01278	  -0.01656
   0.01371	  -0.01736
   0.01476	  -0.01803
   0.01579	  -0.01873
   0.01686	  -0.01941
   0.01777	  -0.02028
   0.01887	  -0.02098
   0.01996	  -0.02172
   0.02109	  -0.02246
   0.02223	  -0.02324
   0.02348	  -0.02387
   0.02467	  -0.02465
   0.02592	  -0.02542
   0.02723	  -0.02612
   0.02851	  -0.02700
   0.02993	  -0.02773
   0.03141	  -0.02847
   0.03291	  -0.02928
   0.03437	  -0.03027
   0.03601	  -0.03108
   0.03771	  -0.03195
   0.03952	  -0.03271
   0.04141	  -0.03347
   0.04325	  -0.03442
   0.04526	  -0.03505
   0.04745	  -0.03554
   0.04969	  -0.03651
   0.05214	  -0.03769
   0.05496	  -0.03887
   0.05816	  -0.04024
   0.06185	  -0.04179
   0.06620	  -0.04347
   0.07128	  -0.04537
   0.07718	  -0.04754
   0.08399	  -0.04993
   0.09153	  -0.05258
   0.09990	  -0.05517
   0.10898	  -0.05780
   0.11855	  -0.06041
   0.12837	  -0.06288
   0.13847	  -0.06518
   0.14884	  -0.06734
   0.15939	  -0.06945
   0.16994	  -0.07142
   0.18058	  -0.07323
   0.19128	  -0.07492
   0.20203	  -0.07648
   0.21283	  -0.07792
   0.22364	  -0.07923
   0.23449	  -0.08041
   0.24541	  -0.08147
   0.25640	  -0.08243
   0.26746	  -0.08329
   0.27857	  -0.08406
   0.28973	  -0.08476
   0.30097	  -0.08538
   0.31227	  -0.08595
   0.32364	  -0.08647
   0.33503	  -0.08696
   0.34643	  -0.08741
   0.35781	  -0.08782
   0.36917	  -0.08819
   0.38053	  -0.08851
   0.39190	  -0.08878
   0.40330	  -0.08903
   0.41473	  -0.08924
   0.42620	  -0.08944
   0.43770	  -0.08963
   0.44922	  -0.08981
   0.46075	  -0.09000
   0.47225	  -0.09020
   0.48371	  -0.09042
   0.49510	  -0.09062
   0.50640	  -0.09081
   0.51762	  -0.09096
   0.52874	  -0.09107
   0.53980	  -0.09110
   0.55081	  -0.09106
   0.56179	  -0.09092
   0.57278	  -0.09067
   0.58381	  -0.09031
   0.59492	  -0.08984
   0.60608	  -0.08929
   0.61729	  -0.08867
   0.62850	  -0.08798
   0.63968	  -0.08722
   0.65082	  -0.08638
   0.66195	  -0.08546
   0.67308	  -0.08446
   0.68422	  -0.08338
   0.69533	  -0.08222
   0.70643	  -0.08098
   0.71754	  -0.07967
   0.72857	  -0.07830
   0.73950	  -0.07682
   0.75050	  -0.07522
   0.76149	  -0.07355
   0.77237	  -0.07183
   0.78312	  -0.06998
   0.79389	  -0.06796
   0.80473	  -0.06586
   0.81542	  -0.06368
   0.82609	  -0.06135
   0.83671	  -0.05893
   0.84724	  -0.05640
   0.85765	  -0.05376
   0.86793	  -0.05098
   0.87808	  -0.04802
   0.88823	  -0.04498
   0.89819	  -0.04192
   0.90802	  -0.03864
   0.91772	  -0.03540
   0.92718	  -0.03192
   0.93661	  -0.02838
   0.94565	  -0.02500
   0.95399	  -0.02161
   0.96208	  -0.01833
   0.96991	  -0.01502
   0.97749	  -0.01159
   0.98456	  -0.00851
   0.99072	  -0.00558
   0.99625	  -0.00236
   1.00000	   0.00000
