blackpig-7.0-section3-flap-8
   1.00000	   0.02800
   0.99660	   0.02911
   0.99217	   0.02935
   0.98786	   0.02861
   0.98352	   0.02730
   0.97903	   0.02573
   0.97439	   0.02429
   0.96958	   0.02323
   0.96437	   0.02257
   0.95851	   0.02226
   0.95174	   0.02217
   0.94386	   0.02207
   0.93496	   0.02189
   0.92544	   0.02167
   0.91567	   0.02153
   0.90570	   0.02155
   0.89543	   0.02161
   0.88494	   0.02159
   0.87442	   0.02157
   0.86394	   0.02165
   0.85355	   0.02174
   0.84342	   0.02173
   0.83370	   0.02174
   0.82439	   0.02186
   0.81563	   0.02193
   0.80771	   0.02188
   0.80036	   0.02216
   0.79255	   0.02307
   0.78361	   0.02428
   0.77402	   0.02564
   0.76382	   0.02722
   0.75288	   0.02892
   0.74149	   0.03067
   0.72995	   0.03246
   0.71836	   0.03430
   0.70674	   0.03621
   0.69511	   0.03819
   0.68356	   0.04020
   0.67210	   0.04228
   0.66062	   0.04444
   0.64926	   0.04663
   0.63820	   0.04887
   0.62720	   0.05125
   0.61595	   0.05372
   0.60447	   0.05621
   0.59299	   0.05870
   0.58175	   0.06118
   0.57090	   0.06356
   0.56025	   0.06576
   0.54962	   0.06793
   0.53910	   0.07012
   0.52851	   0.07217
   0.51750	   0.07420
   0.50625	   0.07626
   0.49492	   0.07828
   0.48335	   0.08026
   0.47162	   0.08224
   0.46000	   0.08415
   0.44854	   0.08597
   0.43714	   0.08767
   0.42564	   0.08929
   0.41400	   0.09087
   0.40240	   0.09239
   0.39098	   0.09381
   0.37970	   0.09511
   0.36845	   0.09631
   0.35716	   0.09742
   0.34615	   0.09843
   0.33575	   0.09926
   0.32564	   0.09982
   0.31538	   0.10022
   0.30517	   0.10061
   0.29557	   0.10111
   0.28675	   0.10175
   0.27852	   0.10232
   0.27058	   0.10256
   0.26266	   0.10243
   0.25463	   0.10197
   0.24642	   0.10134
   0.23796	   0.10082
   0.22915	   0.10046
   0.21999	   0.10003
   0.21059	   0.09937
   0.20099	   0.09849
   0.19120	   0.09738
   0.18129	   0.09607
   0.17139	   0.09459
   0.16157	   0.09291
   0.15177	   0.09102
   0.14200	   0.08896
   0.13236	   0.08675
   0.12305	   0.08444
   0.11413	   0.08202
   0.10563	   0.07949
   0.09768	   0.07691
   0.09029	   0.07427
   0.08334	   0.07162
   0.07698	   0.06920
   0.07139	   0.06694
   0.06639	   0.06455
   0.06170	   0.06214
   0.05736	   0.05993
   0.05344	   0.05803
   0.04996	   0.05638
   0.04689	   0.05476
   0.04417	   0.05307
   0.04167	   0.05143
   0.03937	   0.04990
   0.03729	   0.04848
   0.03539	   0.04717
   0.03358	   0.04604
   0.03188	   0.04501
   0.03041	   0.04388
   0.02912	   0.04265
   0.02776	   0.04156
   0.02628	   0.04068
   0.02484	   0.03974
   0.02351	   0.03860
   0.02224	   0.03736
   0.02099	   0.03609
   0.01974	   0.03483
   0.01850	   0.03358
   0.01727	   0.03236
   0.01608	   0.03117
   0.01494	   0.03000
   0.01383	   0.02888
   0.01271	   0.02785
   0.01165	   0.02685
   0.01074	   0.02577
   0.01001	   0.02458
   0.00940	   0.02335
   0.00872	   0.02222
   0.00780	   0.02131
   0.00679	   0.02045
   0.00593	   0.01941
   0.00524	   0.01822
   0.00464	   0.01694
   0.00405	   0.01562
   0.00338	   0.01429
   0.00273	   0.01291
   0.00219	   0.01144
   0.00173	   0.00988
   0.00130	   0.00827
   0.00089	   0.00661
   0.00053	   0.00492
   0.00024	   0.00319
   0.00006	   0.00143
   0.00000	  -0.00035
   0.00010	  -0.00213
   0.00036	  -0.00389
   0.00077	  -0.00560
   0.00139	  -0.00722
   0.00216	  -0.00879
   0.00289	  -0.01039
   0.00359	  -0.01201
   0.00454	  -0.01351
   0.00581	  -0.01489
   0.00723	  -0.01627
   0.00866	  -0.01771
   0.01010	  -0.01923
   0.01165	  -0.02072
   0.01344	  -0.02206
   0.01548	  -0.02324
   0.01772	  -0.02435
   0.02012	  -0.02552
   0.02264	  -0.02679
   0.02539	  -0.02801
   0.02851	  -0.02906
   0.03211	  -0.03010
   0.03617	  -0.03126
   0.04072	  -0.03246
   0.04595	  -0.03364
   0.05209	  -0.03488
   0.05913	  -0.03623
   0.06678	  -0.03757
   0.07503	  -0.03880
   0.08405	  -0.03993
   0.09392	  -0.04099
   0.10448	  -0.04202
   0.11528	  -0.04301
   0.12606	  -0.04387
   0.13692	  -0.04459
   0.14802	  -0.04518
   0.15937	  -0.04566
   0.17096	  -0.04607
   0.18274	  -0.04642
   0.19466	  -0.04673
   0.20667	  -0.04699
   0.21873	  -0.04723
   0.23087	  -0.04743
   0.24305	  -0.04761
   0.25525	  -0.04776
   0.26745	  -0.04789
   0.27966	  -0.04800
   0.29191	  -0.04808
   0.30420	  -0.04815
   0.31651	  -0.04820
   0.32882	  -0.04824
   0.34114	  -0.04826
   0.35349	  -0.04828
   0.36586	  -0.04828
   0.37824	  -0.04829
   0.39061	  -0.04828
   0.40297	  -0.04827
   0.41532	  -0.04825
   0.42766	  -0.04822
   0.43996	  -0.04818
   0.45222	  -0.04812
   0.46448	  -0.04804
   0.47673	  -0.04794
   0.48898	  -0.04783
   0.50120	  -0.04769
   0.51337	  -0.04753
   0.52551	  -0.04734
   0.53766	  -0.04712
   0.54978	  -0.04687
   0.56186	  -0.04658
   0.57390	  -0.04626
   0.58593	  -0.04590
   0.59791	  -0.04550
   0.60981	  -0.04506
   0.62167	  -0.04456
   0.63349	  -0.04400
   0.64523	  -0.04339
   0.65686	  -0.04271
   0.66846	  -0.04193
   0.68010	  -0.04107
   0.69189	  -0.04012
   0.70383	  -0.03911
   0.71582	  -0.03807
   0.72773	  -0.03701
   0.73942	  -0.03594
   0.75083	  -0.03483
   0.76193	  -0.03369
   0.77263	  -0.03252
   0.78274	  -0.03145
   0.79192	  -0.03061
   0.80012	  -0.02979
   0.80789	  -0.02861
   0.81607	  -0.02685
   0.82520	  -0.02460
   0.83507	  -0.02210
   0.84550	  -0.01952
   0.85649	  -0.01687
   0.86782	  -0.01417
   0.87917	  -0.01145
   0.89033	  -0.00874
   0.90112	  -0.00603
   0.91141	  -0.00332
   0.92127	  -0.00052
   0.93097	   0.00248
   0.94067	   0.00567
   0.95027	   0.00898
   0.95953	   0.01230
   0.96816	   0.01553
   0.97606	   0.01865
   0.98333	   0.02147
   0.99005	   0.02393
   0.99619	   0.02634
   1.00000	   0.02800
