blackpig-7.0-section3-flap-6
   1.00000	   0.02099
   0.99683	   0.02217
   0.99266	   0.02262
   0.98854	   0.02215
   0.98431	   0.02110
   0.97985	   0.01972
   0.97523	   0.01840
   0.97051	   0.01743
   0.96543	   0.01688
   0.95966	   0.01670
   0.95282	   0.01680
   0.94471	   0.01699
   0.93581	   0.01715
   0.92658	   0.01724
   0.91715	   0.01741
   0.90742	   0.01777
   0.89730	   0.01819
   0.88689	   0.01852
   0.87635	   0.01886
   0.86575	   0.01931
   0.85511	   0.01977
   0.84461	   0.02014
   0.83438	   0.02052
   0.82447	   0.02098
   0.81513	   0.02135
   0.80674	   0.02163
   0.79892	   0.02222
   0.79059	   0.02332
   0.78118	   0.02463
   0.77125	   0.02605
   0.76091	   0.02765
   0.75004	   0.02934
   0.73886	   0.03104
   0.72755	   0.03281
   0.71598	   0.03469
   0.70424	   0.03663
   0.69267	   0.03856
   0.68136	   0.04054
   0.67015	   0.04261
   0.65887	   0.04479
   0.64766	   0.04697
   0.63695	   0.04911
   0.62669	   0.05133
   0.61648	   0.05361
   0.60613	   0.05582
   0.59565	   0.05806
   0.58501	   0.06044
   0.57405	   0.06282
   0.56278	   0.06522
   0.55158	   0.06758
   0.54034	   0.06983
   0.52876	   0.07206
   0.51716	   0.07427
   0.50570	   0.07638
   0.49424	   0.07840
   0.48258	   0.08037
   0.47082	   0.08235
   0.45920	   0.08427
   0.44777	   0.08608
   0.43643	   0.08778
   0.42494	   0.08938
   0.41323	   0.09095
   0.40157	   0.09248
   0.39012	   0.09390
   0.37883	   0.09520
   0.36756	   0.09639
   0.35625	   0.09749
   0.34523	   0.09850
   0.33487	   0.09930
   0.32485	   0.09985
   0.31469	   0.10024
   0.30451	   0.10064
   0.29488	   0.10115
   0.28606	   0.10179
   0.27791	   0.10234
   0.27009	   0.10256
   0.26224	   0.10241
   0.25423	   0.10193
   0.24602	   0.10130
   0.23756	   0.10079
   0.22874	   0.10043
   0.21956	   0.10000
   0.21013	   0.09933
   0.20051	   0.09843
   0.19067	   0.09731
   0.18071	   0.09599
   0.17078	   0.09448
   0.16094	   0.09279
   0.15112	   0.09089
   0.14130	   0.08879
   0.13156	   0.08655
   0.12217	   0.08421
   0.11321	   0.08176
   0.10466	   0.07919
   0.09662	   0.07654
   0.08906	   0.07380
   0.08189	   0.07106
   0.07548	   0.06862
   0.06992	   0.06626
   0.06486	   0.06377
   0.06011	   0.06132
   0.05580	   0.05916
   0.05199	   0.05734
   0.04867	   0.05573
   0.04578	   0.05410
   0.04319	   0.05243
   0.04080	   0.05084
   0.03861	   0.04939
   0.03663	   0.04804
   0.03482	   0.04679
   0.03310	   0.04572
   0.03150	   0.04474
   0.03012	   0.04366
   0.02890	   0.04248
   0.02763	   0.04145
   0.02623	   0.04063
   0.02484	   0.03976
   0.02357	   0.03867
   0.02235	   0.03745
   0.02111	   0.03621
   0.01987	   0.03496
   0.01864	   0.03372
   0.01742	   0.03251
   0.01623	   0.03133
   0.01509	   0.03017
   0.01401	   0.02904
   0.01292	   0.02800
   0.01183	   0.02704
   0.01089	   0.02601
   0.01017	   0.02484
   0.00954	   0.02361
   0.00886	   0.02244
   0.00799	   0.02147
   0.00698	   0.02062
   0.00609	   0.01964
   0.00537	   0.01846
   0.00475	   0.01717
   0.00414	   0.01584
   0.00349	   0.01449
   0.00282	   0.01310
   0.00225	   0.01163
   0.00178	   0.01006
   0.00134	   0.00843
   0.00093	   0.00676
   0.00056	   0.00506
   0.00026	   0.00333
   0.00007	   0.00157
   0.00000	  -0.00019
   0.00008	  -0.00195
   0.00032	  -0.00366
   0.00070	  -0.00533
   0.00125	  -0.00692
   0.00196	  -0.00843
   0.00271	  -0.00991
   0.00337	  -0.01144
   0.00409	  -0.01292
   0.00510	  -0.01423
   0.00637	  -0.01544
   0.00772	  -0.01672
   0.00907	  -0.01810
   0.01044	  -0.01957
   0.01194	  -0.02099
   0.01371	  -0.02224
   0.01578	  -0.02337
   0.01808	  -0.02453
   0.02057	  -0.02575
   0.02322	  -0.02705
   0.02607	  -0.02828
   0.02927	  -0.02932
   0.03293	  -0.03031
   0.03708	  -0.03147
   0.04171	  -0.03272
   0.04699	  -0.03391
   0.05331	  -0.03512
   0.06079	  -0.03649
   0.06893	  -0.03787
   0.07750	  -0.03912
   0.08673	  -0.04025
   0.09683	  -0.04129
   0.10769	  -0.04229
   0.11871	  -0.04328
   0.12947	  -0.04412
   0.14028	  -0.04478
   0.15150	  -0.04532
   0.16303	  -0.04579
   0.17469	  -0.04619
   0.18652	  -0.04652
   0.19852	  -0.04681
   0.21062	  -0.04707
   0.22274	  -0.04729
   0.23491	  -0.04749
   0.24712	  -0.04766
   0.25935	  -0.04781
   0.27159	  -0.04793
   0.28385	  -0.04803
   0.29612	  -0.04810
   0.30845	  -0.04816
   0.32080	  -0.04821
   0.33316	  -0.04824
   0.34552	  -0.04827
   0.35790	  -0.04828
   0.37030	  -0.04828
   0.38271	  -0.04828
   0.39512	  -0.04827
   0.40751	  -0.04826
   0.41989	  -0.04824
   0.43224	  -0.04820
   0.44456	  -0.04816
   0.45684	  -0.04809
   0.46912	  -0.04800
   0.48141	  -0.04790
   0.49368	  -0.04777
   0.50591	  -0.04763
   0.51809	  -0.04745
   0.53026	  -0.04725
   0.54243	  -0.04702
   0.55456	  -0.04675
   0.56665	  -0.04646
   0.57871	  -0.04612
   0.59076	  -0.04574
   0.60273	  -0.04532
   0.61463	  -0.04485
   0.62650	  -0.04433
   0.63832	  -0.04375
   0.65002	  -0.04311
   0.66164	  -0.04239
   0.67325	  -0.04158
   0.68497	  -0.04067
   0.69688	  -0.03969
   0.70891	  -0.03866
   0.72093	  -0.03761
   0.73283	  -0.03654
   0.74452	  -0.03544
   0.75598	  -0.03429
   0.76715	  -0.03311
   0.77794	  -0.03196
   0.78800	  -0.03097
   0.79708	  -0.03007
   0.80563	  -0.02893
   0.81447	  -0.02734
   0.82413	  -0.02533
   0.83442	  -0.02311
   0.84521	  -0.02085
   0.85656	  -0.01854
   0.86824	  -0.01617
   0.87987	  -0.01381
   0.89116	  -0.01147
   0.90196	  -0.00914
   0.91225	  -0.00677
   0.92218	  -0.00428
   0.93198	  -0.00159
   0.94178	   0.00129
   0.95151	   0.00430
   0.96082	   0.00729
   0.96933	   0.01017
   0.97701	   0.01293
   0.98402	   0.01536
   0.99046	   0.01745
   0.99634	   0.01952
   1.00000	   0.02099
