%blackpig-7.1-section3.1
   1.00000	   0.00000
   0.99716	   0.00032
   0.99292	  -0.00031
   0.98798	   0.00095
   0.98176	   0.00229
   0.97403	   0.00314
   0.96538	   0.00345
   0.95676	   0.00356
   0.94837	   0.00390
   0.93984	   0.00456
   0.93085	   0.00546
   0.92123	   0.00650
   0.91111	   0.00753
   0.90089	   0.00852
   0.89074	   0.00956
   0.88057	   0.01070
   0.87027	   0.01190
   0.85987	   0.01313
   0.84949	   0.01436
   0.83917	   0.01563
   0.82886	   0.01691
   0.81848	   0.01817
   0.80804	   0.01943
   0.79760	   0.02070
   0.78721	   0.02195
   0.77688	   0.02323
   0.76655	   0.02451
   0.75620	   0.02575
   0.74585	   0.02697
   0.73548	   0.02823
   0.72511	   0.02952
   0.71476	   0.03085
   0.70443	   0.03223
   0.69409	   0.03360
   0.68379	   0.03501
   0.67349	   0.03646
   0.66324	   0.03797
   0.65302	   0.03953
   0.64282	   0.04110
   0.63262	   0.04273
   0.62240	   0.04436
   0.61229	   0.04600
   0.60223	   0.04766
   0.59207	   0.04927
   0.58200	   0.05093
   0.57189	   0.05257
   0.56169	   0.05414
   0.55146	   0.05571
   0.54121	   0.05723
   0.53088	   0.05870
   0.52051	   0.06018
   0.51017	   0.06166
   0.49991	   0.06306
   0.48962	   0.06439
   0.47928	   0.06568
   0.46897	   0.06697
   0.45868	   0.06820
   0.44834	   0.06938
   0.43793	   0.07052
   0.42754	   0.07164
   0.41719	   0.07271
   0.40688	   0.07371
   0.39653	   0.07464
   0.38613	   0.07553
   0.37573	   0.07638
   0.36538	   0.07719
   0.35506	   0.07792
   0.34474	   0.07859
   0.33444	   0.07918
   0.32419	   0.07969
   0.31402	   0.08009
   0.30390	   0.08037
   0.29377	   0.08051
   0.28357	   0.08055
   0.27327	   0.08049
   0.26291	   0.08035
   0.25250	   0.08017
   0.24213	   0.07992
   0.23184	   0.07960
   0.22166	   0.07919
   0.21155	   0.07865
   0.20150	   0.07798
   0.19147	   0.07717
   0.18146	   0.07622
   0.17155	   0.07513
   0.16176	   0.07385
   0.15193	   0.07237
   0.14209	   0.07071
   0.13229	   0.06896
   0.12278	   0.06706
   0.11335	   0.06496
   0.10395	   0.06278
   0.09468	   0.06040
   0.08559	   0.05782
   0.07683	   0.05530
   0.06875	   0.05268
   0.06135	   0.05013
   0.05477	   0.04750
   0.04913	   0.04523
   0.04455	   0.04307
   0.04077	   0.04118
   0.03766	   0.03959
   0.03505	   0.03816
   0.03256	   0.03710
   0.03046	   0.03573
   0.02854	   0.03444
   0.02668	   0.03341
   0.02499	   0.03232
   0.02339	   0.03129
   0.02204	   0.03008
   0.02051	   0.02914
   0.01921	   0.02795
   0.01769	   0.02701
   0.01638	   0.02577
   0.01507	   0.02447
   0.01378	   0.02318
   0.01251	   0.02191
   0.01131	   0.02071
   0.01018	   0.01958
   0.00912	   0.01852
   0.00815	   0.01754
   0.00724	   0.01664
   0.00672	   0.01554
   0.00596	   0.01466
   0.00538	   0.01365
   0.00473	   0.01267
   0.00396	   0.01170
   0.00343	   0.01043
   0.00275	   0.00912
   0.00201	   0.00765
   0.00124	   0.00600
   0.00064	   0.00403
   0.00017	   0.00164
  -0.00003	  -0.00117
   0.00025	  -0.00366
   0.00096	  -0.00553
   0.00167	  -0.00708
   0.00213	  -0.00854
   0.00266	  -0.00982
   0.00352	  -0.01073
   0.00408	  -0.01179
   0.00473	  -0.01273
   0.00559	  -0.01350
   0.00615	  -0.01446
   0.00670	  -0.01543
   0.00758	  -0.01613
   0.00848	  -0.01680
   0.00914	  -0.01776
   0.01003	  -0.01854
   0.01113	  -0.01919
   0.01213	  -0.02007
   0.01314	  -0.02107
   0.01442	  -0.02189
   0.01575	  -0.02281
   0.01728	  -0.02363
   0.01887	  -0.02463
   0.02064	  -0.02570
   0.02272	  -0.02673
   0.02506	  -0.02783
   0.02777	  -0.02889
   0.03075	  -0.03025
   0.03445	  -0.03149
   0.03887	  -0.03297
   0.04417	  -0.03452
   0.05045	  -0.03631
   0.05750	  -0.03814
   0.06528	  -0.03997
   0.07367	  -0.04178
   0.08255	  -0.04334
   0.09179	  -0.04482
   0.10134	  -0.04619
   0.11099	  -0.04743
   0.12083	  -0.04858
   0.13078	  -0.04963
   0.14087	  -0.05064
   0.15103	  -0.05159
   0.16125	  -0.05244
   0.17151	  -0.05323
   0.18173	  -0.05392
   0.19201	  -0.05451
   0.20236	  -0.05504
   0.21272	  -0.05550
   0.22311	  -0.05591
   0.23353	  -0.05627
   0.24399	  -0.05660
   0.25445	  -0.05689
   0.26489	  -0.05714
   0.27531	  -0.05734
   0.28574	  -0.05750
   0.29617	  -0.05763
   0.30661	  -0.05772
   0.31708	  -0.05779
   0.32758	  -0.05783
   0.33810	  -0.05784
   0.34864	  -0.05785
   0.35920	  -0.05784
   0.36975	  -0.05782
   0.38030	  -0.05778
   0.39084	  -0.05773
   0.40136	  -0.05765
   0.41187	  -0.05756
   0.42236	  -0.05744
   0.43284	  -0.05730
   0.44332	  -0.05712
   0.45381	  -0.05692
   0.46430	  -0.05668
   0.47481	  -0.05642
   0.48533	  -0.05615
   0.49584	  -0.05585
   0.50634	  -0.05552
   0.51683	  -0.05518
   0.52731	  -0.05480
   0.53780	  -0.05440
   0.54829	  -0.05397
   0.55879	  -0.05351
   0.56926	  -0.05303
   0.57972	  -0.05252
   0.59018	  -0.05198
   0.60061	  -0.05139
   0.61106	  -0.05077
   0.62153	  -0.05012
   0.63194	  -0.04944
   0.64230	  -0.04870
   0.65271	  -0.04791
   0.66311	  -0.04708
   0.67348	  -0.04622
   0.68375	  -0.04531
   0.69402	  -0.04432
   0.70420	  -0.04335
   0.71439	  -0.04228
   0.72466	  -0.04120
   0.73498	  -0.04005
   0.74541	  -0.03889
   0.75589	  -0.03773
   0.76639	  -0.03656
   0.77687	  -0.03540
   0.78731	  -0.03424
   0.79760	  -0.03309
   0.80758	  -0.03199
   0.81695	  -0.03088
   0.82561	  -0.03003
   0.83421	  -0.02930
   0.84336	  -0.02812
   0.85311	  -0.02686
   0.86316	  -0.02553
   0.87337	  -0.02413
   0.88361	  -0.02267
   0.89388	  -0.02120
   0.90413	  -0.01970
   0.91441	  -0.01812
   0.92471	  -0.01653
   0.93490	  -0.01496
   0.94489	  -0.01334
   0.95468	  -0.01161
   0.96431	  -0.00978
   0.97357	  -0.00789
   0.98187	  -0.00598
   0.98916	  -0.00380
   0.99589	  -0.00168
   1.00000	   0.00000
