blackpig-7.0-section1-flap+1
   1.00000	  -0.00139
   0.99749	  -0.00003
   0.99321	  -0.00017
   0.98844	  -0.00080
   0.98331	   0.00079
   0.97737	   0.00311
   0.97043	   0.00402
   0.96300	   0.00459
   0.95541	   0.00589
   0.94761	   0.00737
   0.93963	   0.00863
   0.93159	   0.00987
   0.92356	   0.01117
   0.91552	   0.01239
   0.90746	   0.01354
   0.89940	   0.01476
   0.89135	   0.01603
   0.88327	   0.01724
   0.87517	   0.01840
   0.86705	   0.01960
   0.85892	   0.02085
   0.85078	   0.02210
   0.84265	   0.02335
   0.83453	   0.02461
   0.82645	   0.02591
   0.81841	   0.02727
   0.81035	   0.02861
   0.80224	   0.02988
   0.79411	   0.03111
   0.78599	   0.03237
   0.77791	   0.03368
   0.76983	   0.03504
   0.76171	   0.03641
   0.75359	   0.03776
   0.74549	   0.03909
   0.73742	   0.04046
   0.72940	   0.04192
   0.72138	   0.04339
   0.71331	   0.04479
   0.70520	   0.04614
   0.69711	   0.04748
   0.68908	   0.04889
   0.68108	   0.05038
   0.67309	   0.05180
   0.66507	   0.05313
   0.65707	   0.05454
   0.64909	   0.05603
   0.64108	   0.05744
   0.63306	   0.05878
   0.62503	   0.06020
   0.61700	   0.06168
   0.60893	   0.06311
   0.60084	   0.06449
   0.59273	   0.06584
   0.58462	   0.06719
   0.57652	   0.06855
   0.56842	   0.06990
   0.56032	   0.07121
   0.55220	   0.07247
   0.54408	   0.07372
   0.53595	   0.07496
   0.52784	   0.07621
   0.51973	   0.07742
   0.51161	   0.07856
   0.50347	   0.07966
   0.49534	   0.08071
   0.48721	   0.08168
   0.47904	   0.08261
   0.47086	   0.08352
   0.46268	   0.08442
   0.45450	   0.08530
   0.44634	   0.08614
   0.43819	   0.08691
   0.43002	   0.08762
   0.42185	   0.08826
   0.41367	   0.08884
   0.40548	   0.08937
   0.39728	   0.08986
   0.38908	   0.09031
   0.38087	   0.09073
   0.37268	   0.09110
   0.36448	   0.09141
   0.35629	   0.09166
   0.34810	   0.09184
   0.33991	   0.09195
   0.33173	   0.09197
   0.32355	   0.09190
   0.31537	   0.09174
   0.30718	   0.09151
   0.29900	   0.09120
   0.29082	   0.09081
   0.28263	   0.09035
   0.27445	   0.08983
   0.26627	   0.08925
   0.25811	   0.08860
   0.24996	   0.08786
   0.24183	   0.08704
   0.23372	   0.08610
   0.22563	   0.08505
   0.21753	   0.08389
   0.20944	   0.08265
   0.20136	   0.08132
   0.19328	   0.07992
   0.18523	   0.07844
   0.17724	   0.07686
   0.16935	   0.07512
   0.16147	   0.07318
   0.15357	   0.07121
   0.14574	   0.06927
   0.13810	   0.06710
   0.13049	   0.06459
   0.12277	   0.06198
   0.11496	   0.05941
   0.10722	   0.05682
   0.09969	   0.05408
   0.09237	   0.05100
   0.08505	   0.04774
   0.07762	   0.04456
   0.07023	   0.04137
   0.06300	   0.03792
   0.05594	   0.03417
   0.04897	   0.03018
   0.04193	   0.02617
   0.03486	   0.02217
   0.02815	   0.01804
   0.02175	   0.01384
   0.01543	   0.00966
   0.00942	   0.00562
   0.00474	   0.00273
   0.00171	   0.00150
   0.00046	   0.00037
   0.00018	  -0.00044
   0.00070	  -0.00096
   0.00229	  -0.00142
   0.00682	  -0.00304
   0.01048	  -0.00454
   0.01476	  -0.00618
   0.02079	  -0.00829
   0.02635	  -0.01009
   0.03329	  -0.01235
   0.04016	  -0.01462
   0.04769	  -0.01695
   0.05551	  -0.01916
   0.06334	  -0.02138
   0.07109	  -0.02362
   0.07890	  -0.02572
   0.08678	  -0.02761
   0.09472	  -0.02931
   0.10276	  -0.03091
   0.11082	  -0.03248
   0.11884	  -0.03400
   0.12688	  -0.03539
   0.13498	  -0.03670
   0.14307	  -0.03794
   0.15113	  -0.03907
   0.15922	  -0.04004
   0.16738	  -0.04094
   0.17555	  -0.04179
   0.18372	  -0.04260
   0.19189	  -0.04335
   0.20006	  -0.04405
   0.20824	  -0.04470
   0.21642	  -0.04529
   0.22461	  -0.04584
   0.23281	  -0.04634
   0.24101	  -0.04680
   0.24921	  -0.04723
   0.25743	  -0.04762
   0.26564	  -0.04800
   0.27386	  -0.04835
   0.28207	  -0.04867
   0.29029	  -0.04898
   0.29851	  -0.04926
   0.30674	  -0.04953
   0.31496	  -0.04978
   0.32319	  -0.05002
   0.33142	  -0.05025
   0.33965	  -0.05047
   0.34787	  -0.05067
   0.35610	  -0.05087
   0.36433	  -0.05105
   0.37256	  -0.05124
   0.38079	  -0.05141
   0.38902	  -0.05158
   0.39725	  -0.05174
   0.40549	  -0.05191
   0.41372	  -0.05207
   0.42196	  -0.05222
   0.43019	  -0.05238
   0.43842	  -0.05252
   0.44665	  -0.05265
   0.45489	  -0.05278
   0.46312	  -0.05291
   0.47135	  -0.05303
   0.47958	  -0.05314
   0.48781	  -0.05324
   0.49604	  -0.05333
   0.50427	  -0.05341
   0.51251	  -0.05347
   0.52074	  -0.05353
   0.52897	  -0.05359
   0.53720	  -0.05362
   0.54542	  -0.05364
   0.55366	  -0.05365
   0.56189	  -0.05365
   0.57011	  -0.05364
   0.57834	  -0.05361
   0.58657	  -0.05356
   0.59480	  -0.05350
   0.60302	  -0.05342
   0.61125	  -0.05332
   0.61948	  -0.05321
   0.62771	  -0.05309
   0.63592	  -0.05294
   0.64415	  -0.05277
   0.65237	  -0.05258
   0.66060	  -0.05237
   0.66882	  -0.05215
   0.67704	  -0.05190
   0.68526	  -0.05163
   0.69347	  -0.05133
   0.70169	  -0.05101
   0.70989	  -0.05066
   0.71809	  -0.05026
   0.72628	  -0.04982
   0.73448	  -0.04932
   0.74268	  -0.04879
   0.75087	  -0.04821
   0.75905	  -0.04759
   0.76723	  -0.04692
   0.77542	  -0.04621
   0.78358	  -0.04546
   0.79174	  -0.04464
   0.79989	  -0.04376
   0.80803	  -0.04282
   0.81617	  -0.04181
   0.82428	  -0.04073
   0.83236	  -0.03956
   0.84045	  -0.03829
   0.84855	  -0.03695
   0.85660	  -0.03555
   0.86460	  -0.03402
   0.87259	  -0.03241
   0.88059	  -0.03085
   0.88854	  -0.02927
   0.89641	  -0.02752
   0.90429	  -0.02564
   0.91223	  -0.02384
   0.92019	  -0.02207
   0.92815	  -0.02021
   0.93613	  -0.01832
   0.94412	  -0.01645
   0.95212	  -0.01464
   0.96013	  -0.01284
   0.96800	  -0.01092
   0.97558	  -0.00894
   0.98329	  -0.00702
   0.99075	  -0.00506
   0.99716	  -0.00274
   1.00000	  -0.00139
