blackpig-7.0-section3-flap-3
   1.00000	   0.01049
   0.99700	   0.01180
   0.99300	   0.01249
   0.98900	   0.01230
   0.98482	   0.01153
   0.98033	   0.01041
   0.97566	   0.00930
   0.97092	   0.00854
   0.96588	   0.00821
   0.96017	   0.00828
   0.95340	   0.00871
   0.94535	   0.00933
   0.93654	   0.00996
   0.92746	   0.01052
   0.91820	   0.01115
   0.90864	   0.01200
   0.89867	   0.01294
   0.88836	   0.01381
   0.87789	   0.01470
   0.86730	   0.01570
   0.85656	   0.01673
   0.84578	   0.01769
   0.83504	   0.01865
   0.82436	   0.01968
   0.81395	   0.02066
   0.80422	   0.02155
   0.79487	   0.02264
   0.78503	   0.02408
   0.77429	   0.02570
   0.76316	   0.02737
   0.75188	   0.02910
   0.74042	   0.03087
   0.72900	   0.03263
   0.71772	   0.03443
   0.70633	   0.03633
   0.69478	   0.03830
   0.68335	   0.04027
   0.67215	   0.04228
   0.66110	   0.04435
   0.65009	   0.04652
   0.63911	   0.04876
   0.62829	   0.05106
   0.61775	   0.05340
   0.60754	   0.05566
   0.59761	   0.05776
   0.58799	   0.05984
   0.57873	   0.06193
   0.56973	   0.06383
   0.56090	   0.06559
   0.55225	   0.06744
   0.54378	   0.06932
   0.53518	   0.07098
   0.52606	   0.07258
   0.51633	   0.07440
   0.50610	   0.07634
   0.49548	   0.07826
   0.48449	   0.08014
   0.47315	   0.08201
   0.46168	   0.08390
   0.45038	   0.08571
   0.43922	   0.08741
   0.42805	   0.08902
   0.41673	   0.09056
   0.40531	   0.09205
   0.39400	   0.09347
   0.38288	   0.09479
   0.37175	   0.09599
   0.36059	   0.09712
   0.34971	   0.09815
   0.33925	   0.09901
   0.32910	   0.09967
   0.31922	   0.10012
   0.30963	   0.10045
   0.30009	   0.10089
   0.29024	   0.10153
   0.28064	   0.10220
   0.27216	   0.10259
   0.26413	   0.10252
   0.25540	   0.10203
   0.24572	   0.10134
   0.23616	   0.10076
   0.22712	   0.10038
   0.21828	   0.09998
   0.20919	   0.09929
   0.19947	   0.09830
   0.18939	   0.09715
   0.17956	   0.09587
   0.16998	   0.09440
   0.16035	   0.09269
   0.15040	   0.09071
   0.14035	   0.08860
   0.13089	   0.08647
   0.12190	   0.08417
   0.11291	   0.08161
   0.10402	   0.07892
   0.09581	   0.07629
   0.08850	   0.07369
   0.08167	   0.07099
   0.07524	   0.06842
   0.06956	   0.06609
   0.06447	   0.06365
   0.05966	   0.06115
   0.05517	   0.05886
   0.05118	   0.05691
   0.04774	   0.05522
   0.04481	   0.05354
   0.04221	   0.05181
   0.03981	   0.05017
   0.03757	   0.04870
   0.03554	   0.04733
   0.03369	   0.04607
   0.03196	   0.04497
   0.03040	   0.04390
   0.02908	   0.04274
   0.02783	   0.04163
   0.02647	   0.04074
   0.02509	   0.03993
   0.02383	   0.03895
   0.02268	   0.03779
   0.02152	   0.03659
   0.02032	   0.03541
   0.01913	   0.03423
   0.01796	   0.03305
   0.01680	   0.03190
   0.01568	   0.03078
   0.01461	   0.02969
   0.01359	   0.02863
   0.01256	   0.02766
   0.01153	   0.02676
   0.01069	   0.02577
   0.01007	   0.02464
   0.00948	   0.02347
   0.00879	   0.02237
   0.00793	   0.02143
   0.00695	   0.02059
   0.00607	   0.01963
   0.00537	   0.01845
   0.00474	   0.01714
   0.00411	   0.01578
   0.00343	   0.01439
   0.00275	   0.01294
   0.00217	   0.01138
   0.00168	   0.00972
   0.00123	   0.00799
   0.00080	   0.00620
   0.00043	   0.00437
   0.00016	   0.00252
   0.00001	   0.00063
   0.00003	  -0.00125
   0.00022	  -0.00309
   0.00058	  -0.00487
   0.00111	  -0.00656
   0.00181	  -0.00815
   0.00260	  -0.00969
   0.00330	  -0.01126
   0.00401	  -0.01279
   0.00501	  -0.01415
   0.00631	  -0.01539
   0.00770	  -0.01670
   0.00909	  -0.01812
   0.01050	  -0.01964
   0.01206	  -0.02109
   0.01391	  -0.02236
   0.01608	  -0.02354
   0.01850	  -0.02474
   0.02111	  -0.02603
   0.02388	  -0.02737
   0.02691	  -0.02858
   0.03037	  -0.02962
   0.03439	  -0.03073
   0.03893	  -0.03200
   0.04405	  -0.03328
   0.05012	  -0.03451
   0.05746	  -0.03589
   0.06561	  -0.03735
   0.07409	  -0.03867
   0.08313	  -0.03984
   0.09301	  -0.04091
   0.10369	  -0.04194
   0.11465	  -0.04295
   0.12533	  -0.04383
   0.13594	  -0.04454
   0.14684	  -0.04512
   0.15804	  -0.04562
   0.16940	  -0.04603
   0.18091	  -0.04638
   0.19260	  -0.04668
   0.20438	  -0.04696
   0.21619	  -0.04719
   0.22805	  -0.04740
   0.23996	  -0.04758
   0.25190	  -0.04773
   0.26383	  -0.04787
   0.27577	  -0.04798
   0.28772	  -0.04807
   0.29972	  -0.04814
   0.31175	  -0.04819
   0.32378	  -0.04824
   0.33581	  -0.04827
   0.34787	  -0.04828
   0.35995	  -0.04829
   0.37205	  -0.04830
   0.38415	  -0.04830
   0.39623	  -0.04829
   0.40830	  -0.04827
   0.42036	  -0.04825
   0.43240	  -0.04822
   0.44441	  -0.04817
   0.45640	  -0.04811
   0.46839	  -0.04802
   0.48037	  -0.04792
   0.49233	  -0.04781
   0.50426	  -0.04767
   0.51616	  -0.04750
   0.52804	  -0.04731
   0.53991	  -0.04709
   0.55176	  -0.04683
   0.56359	  -0.04655
   0.57540	  -0.04623
   0.58716	  -0.04588
   0.59887	  -0.04549
   0.61052	  -0.04505
   0.62214	  -0.04455
   0.63371	  -0.04401
   0.64522	  -0.04340
   0.65664	  -0.04274
   0.66798	  -0.04199
   0.67938	  -0.04114
   0.69096	  -0.04022
   0.70266	  -0.03924
   0.71439	  -0.03822
   0.72613	  -0.03717
   0.73783	  -0.03610
   0.74933	  -0.03500
   0.76058	  -0.03386
   0.77170	  -0.03268
   0.78263	  -0.03154
   0.79314	  -0.03046
   0.80331	  -0.02927
   0.81347	  -0.02788
   0.82381	  -0.02627
   0.83442	  -0.02456
   0.84538	  -0.02287
   0.85674	  -0.02118
   0.86834	  -0.01946
   0.87988	  -0.01772
   0.89104	  -0.01601
   0.90169	  -0.01428
   0.91188	  -0.01246
   0.92180	  -0.01050
   0.93162	  -0.00833
   0.94148	  -0.00597
   0.95132	  -0.00348
   0.96074	  -0.00099
   0.96933	   0.00144
   0.97707	   0.00378
   0.98410	   0.00580
   0.99053	   0.00752
   0.99638	   0.00925
   1.00000	   0.01049
