blackpig-7.0-section2
   1.00000	   0.00000
   0.99553	   0.00138
   0.98753	   0.00244
   0.97920	   0.00373
   0.97068	   0.00464
   0.96213	   0.00545
   0.95365	   0.00662
   0.94525	   0.00814
   0.93683	   0.00968
   0.92834	   0.01093
   0.91972	   0.01179
   0.91101	   0.01250
   0.90232	   0.01328
   0.89368	   0.01417
   0.88500	   0.01515
   0.87641	   0.01624
   0.86803	   0.01788
   0.86003	   0.02047
   0.85298	   0.02228
   0.84556	   0.02208
   0.83740	   0.02239
   0.82902	   0.02361
   0.82084	   0.02437
   0.81287	   0.02420
   0.80503	   0.02469
   0.79705	   0.02643
   0.78866	   0.02797
   0.78007	   0.02922
   0.77147	   0.03057
   0.76286	   0.03184
   0.75419	   0.03288
   0.74548	   0.03372
   0.73684	   0.03453
   0.72850	   0.03587
   0.72057	   0.03773
   0.71307	   0.03814
   0.70641	   0.03825
   0.70076	   0.04040
   0.69445	   0.04059
   0.68708	   0.04215
   0.67920	   0.04398
   0.67104	   0.04537
   0.66294	   0.04706
   0.65522	   0.04742
   0.64828	   0.04742
   0.64158	   0.04976
   0.63367	   0.05172
   0.62506	   0.05316
   0.61640	   0.05472
   0.60775	   0.05631
   0.59911	   0.05787
   0.59051	   0.05948
   0.58191	   0.06122
   0.57332	   0.06298
   0.56477	   0.06457
   0.55618	   0.06605
   0.54760	   0.06763
   0.53901	   0.06913
   0.53040	   0.07057
   0.52182	   0.07209
   0.51327	   0.07350
   0.50486	   0.07497
   0.49689	   0.07690
   0.48936	   0.07759
   0.48214	   0.07798
   0.47468	   0.08007
   0.46641	   0.08150
   0.45781	   0.08238
   0.44918	   0.08346
   0.44051	   0.08467
   0.43180	   0.08585
   0.42310	   0.08692
   0.41439	   0.08787
   0.40566	   0.08873
   0.39691	   0.08952
   0.38813	   0.09029
   0.37936	   0.09100
   0.37059	   0.09166
   0.36183	   0.09225
   0.35308	   0.09277
   0.34435	   0.09321
   0.33562	   0.09355
   0.32689	   0.09378
   0.31816	   0.09390
   0.30942	   0.09389
   0.30065	   0.09375
   0.29186	   0.09350
   0.28309	   0.09318
   0.27436	   0.09281
   0.26563	   0.09242
   0.25689	   0.09204
   0.24810	   0.09170
   0.23937	   0.09141
   0.23073	   0.09102
   0.22213	   0.09036
   0.21346	   0.08937
   0.20473	   0.08829
   0.19601	   0.08721
   0.18742	   0.08600
   0.17888	   0.08443
   0.17042	   0.08264
   0.16223	   0.08070
   0.15408	   0.07875
   0.14581	   0.07680
   0.13756	   0.07445
   0.12974	   0.07239
   0.12216	   0.07007
   0.11494	   0.06749
   0.10850	   0.06480
   0.10200	   0.06319
   0.09553	   0.06000
   0.08832	   0.05640
   0.08143	   0.05324
   0.07430	   0.05035
   0.06774	   0.04739
   0.06183	   0.04392
   0.05717	   0.04108
   0.05228	   0.03844
   0.04712	   0.03522
   0.04202	   0.03163
   0.03670	   0.02893
   0.03263	   0.02564
   0.03026	   0.02392
   0.02891	   0.02292
   0.02805	   0.02363
   0.02747	   0.02412
   0.02704	   0.02341
   0.02632	   0.02162
   0.02408	   0.01945
   0.01965	   0.01616
   0.01442	   0.01265
   0.00925	   0.00842
   0.00450	   0.00456
   0.00088	   0.00199
   0.00003	  -0.00008
   0.00252	  -0.00188
   0.00815	  -0.00465
   0.01391	  -0.00702
   0.01904	  -0.00990
   0.02557	  -0.01280
   0.03230	  -0.01593
   0.03917	  -0.01892
   0.04652	  -0.02151
   0.05400	  -0.02374
   0.06176	  -0.02599
   0.06996	  -0.02830
   0.07763	  -0.03036
   0.08544	  -0.03250
   0.09390	  -0.03431
   0.10240	  -0.03577
   0.11050	  -0.03733
   0.11571	  -0.03921
   0.11959	  -0.03806
   0.12468	  -0.03922
   0.13128	  -0.04045
   0.13660	  -0.04148
   0.14142	  -0.04035
   0.14788	  -0.04203
   0.15636	  -0.04270
   0.16479	  -0.04285
   0.17301	  -0.04329
   0.18147	  -0.04384
   0.19016	  -0.04429
   0.19867	  -0.04459
   0.20712	  -0.04477
   0.21560	  -0.04490
   0.22420	  -0.04499
   0.23293	  -0.04508
   0.24166	  -0.04522
   0.25029	  -0.04538
   0.25885	  -0.04557
   0.26737	  -0.04577
   0.27587	  -0.04597
   0.28437	  -0.04617
   0.29289	  -0.04634
   0.30144	  -0.04648
   0.31004	  -0.04658
   0.31868	  -0.04662
   0.32737	  -0.04660
   0.33612	  -0.04650
   0.34490	  -0.04631
   0.35373	  -0.04604
   0.36257	  -0.04574
   0.37141	  -0.04548
   0.38024	  -0.04532
   0.38904	  -0.04532
   0.39780	  -0.04554
   0.40649	  -0.04604
   0.41512	  -0.04687
   0.42367	  -0.04807
   0.43216	  -0.04929
   0.44066	  -0.05003
   0.44917	  -0.05036
   0.45773	  -0.05035
   0.46632	  -0.05008
   0.47497	  -0.04961
   0.48366	  -0.04903
   0.49240	  -0.04841
   0.50117	  -0.04784
   0.50995	  -0.04738
   0.51873	  -0.04706
   0.52749	  -0.04684
   0.53624	  -0.04672
   0.54497	  -0.04668
   0.55367	  -0.04669
   0.56234	  -0.04673
   0.57100	  -0.04678
   0.57966	  -0.04683
   0.58831	  -0.04686
   0.59699	  -0.04684
   0.60570	  -0.04676
   0.61447	  -0.04659
   0.62325	  -0.04635
   0.63196	  -0.04609
   0.64062	  -0.04585
   0.64930	  -0.04566
   0.65805	  -0.04558
   0.66667	  -0.04561
   0.67508	  -0.04546
   0.68341	  -0.04484
   0.69190	  -0.04353
   0.70023	  -0.04297
   0.70714	  -0.04434
   0.71346	  -0.04368
   0.72071	  -0.04259
   0.72682	  -0.04103
   0.73284	  -0.04212
   0.74046	  -0.04214
   0.74868	  -0.04080
   0.75694	  -0.04020
   0.76547	  -0.03972
   0.77417	  -0.03893
   0.78291	  -0.03811
   0.79165	  -0.03726
   0.80038	  -0.03640
   0.80914	  -0.03558
   0.81786	  -0.03473
   0.82649	  -0.03368
   0.83518	  -0.03251
   0.84391	  -0.03137
   0.85260	  -0.03018
   0.86124	  -0.02888
   0.86984	  -0.02767
   0.87850	  -0.02675
   0.88696	  -0.02573
   0.89462	  -0.02379
   0.90294	  -0.02246
   0.91144	  -0.02121
   0.91918	  -0.01925
   0.92751	  -0.01778
   0.93602	  -0.01642
   0.94397	  -0.01458
   0.95225	  -0.01309
   0.96057	  -0.01129
   0.96860	  -0.00953
   0.97684	  -0.00796
   0.98398	  -0.00592
   0.99128	  -0.00427
   0.99818	  -0.00272
   1.00000	   0.00000
