blackpig-7.0-section4
   1.00000	   0.00000
   0.99530	   0.00176
   0.98885	   0.00261
   0.98249	   0.00232
   0.97587	   0.00146
   0.96878	   0.00049
   0.96117	   0.00002
   0.95305	   0.00020
   0.94446	   0.00090
   0.93545	   0.00190
   0.92605	   0.00292
   0.91628	   0.00387
   0.90621	   0.00485
   0.89591	   0.00592
   0.88542	   0.00707
   0.87481	   0.00822
   0.86413	   0.00937
   0.85338	   0.01064
   0.84252	   0.01192
   0.83161	   0.01320
   0.82070	   0.01453
   0.80979	   0.01590
   0.79890	   0.01720
   0.78796	   0.01840
   0.77698	   0.01958
   0.76599	   0.02082
   0.75498	   0.02212
   0.74393	   0.02343
   0.73291	   0.02472
   0.72193	   0.02605
   0.71098	   0.02745
   0.70005	   0.02889
   0.68916	   0.03030
   0.67836	   0.03176
   0.66759	   0.03324
   0.65685	   0.03478
   0.64609	   0.03636
   0.63537	   0.03792
   0.62472	   0.03959
   0.61410	   0.04137
   0.60352	   0.04312
   0.59301	   0.04498
   0.58247	   0.04687
   0.57201	   0.04875
   0.56169	   0.05061
   0.55153	   0.05261
   0.54146	   0.05444
   0.53135	   0.05641
   0.52115	   0.05831
   0.51082	   0.06016
   0.50044	   0.06203
   0.49004	   0.06381
   0.47957	   0.06555
   0.46912	   0.06728
   0.45863	   0.06891
   0.44811	   0.07050
   0.43752	   0.07204
   0.42693	   0.07360
   0.41633	   0.07502
   0.40562	   0.07640
   0.39488	   0.07782
   0.38410	   0.07913
   0.37323	   0.08037
   0.36233	   0.08159
   0.35145	   0.08275
   0.34059	   0.08383
   0.32976	   0.08482
   0.31894	   0.08570
   0.30811	   0.08649
   0.29727	   0.08719
   0.28649	   0.08781
   0.27582	   0.08833
   0.26528	   0.08872
   0.25483	   0.08893
   0.24440	   0.08895
   0.23393	   0.08880
   0.22343	   0.08851
   0.21295	   0.08810
   0.20260	   0.08756
   0.19243	   0.08685
   0.18240	   0.08593
   0.17252	   0.08481
   0.16281	   0.08354
   0.15339	   0.08217
   0.14430	   0.08053
   0.13552	   0.07889
   0.12715	   0.07706
   0.11916	   0.07516
   0.11162	   0.07339
   0.10462	   0.07154
   0.09809	   0.06977
   0.09209	   0.06793
   0.08653	   0.06614
   0.08138	   0.06451
   0.07671	   0.06273
   0.07237	   0.06106
   0.06837	   0.05950
   0.06467	   0.05808
   0.06135	   0.05650
   0.05807	   0.05529
   0.05502	   0.05403
   0.05223	   0.05264
   0.04956	   0.05138
   0.04712	   0.05005
   0.04492	   0.04855
   0.04271	   0.04734
   0.04051	   0.04635
   0.03850	   0.04526
   0.03667	   0.04403
   0.03491	   0.04289
   0.03323	   0.04179
   0.03163	   0.04073
   0.03006	   0.03978
   0.02875	   0.03862
   0.02747	   0.03752
   0.02604	   0.03668
   0.02468	   0.03582
   0.02352	   0.03478
   0.02248	   0.03367
   0.02137	   0.03271
   0.02015	   0.03194
   0.01895	   0.03121
   0.01783	   0.03043
   0.01687	   0.02951
   0.01611	   0.02845
   0.01540	   0.02739
   0.01451	   0.02655
   0.01343	   0.02593
   0.01257	   0.02515
   0.01207	   0.02406
   0.01156	   0.02295
   0.01075	   0.02208
   0.00985	   0.02126
   0.00899	   0.02040
   0.00808	   0.01957
   0.00738	   0.01859
   0.00689	   0.01743
   0.00624	   0.01638
   0.00531	   0.01550
   0.00456	   0.01445
   0.00403	   0.01320
   0.00345	   0.01193
   0.00278	   0.01067
   0.00220	   0.00933
   0.00171	   0.00789
   0.00127	   0.00636
   0.00082	   0.00478
   0.00041	   0.00314
   0.00010	   0.00145
   0.00000	  -0.00029
   0.00017	  -0.00209
   0.00057	  -0.00397
   0.00112	  -0.00591
   0.00175	  -0.00789
   0.00244	  -0.00994
   0.00330	  -0.01202
   0.00474	  -0.01379
   0.00647	  -0.01551
   0.00827	  -0.01734
   0.01017	  -0.01926
   0.01215	  -0.02130
   0.01451	  -0.02311
   0.01736	  -0.02459
   0.02043	  -0.02616
   0.02374	  -0.02788
   0.02742	  -0.02953
   0.03157	  -0.03100
   0.03621	  -0.03240
   0.04139	  -0.03377
   0.04716	  -0.03513
   0.05356	  -0.03650
   0.06061	  -0.03787
   0.06832	  -0.03926
   0.07661	  -0.04064
   0.08542	  -0.04194
   0.09470	  -0.04313
   0.10437	  -0.04419
   0.11440	  -0.04513
   0.12470	  -0.04600
   0.13520	  -0.04678
   0.14585	  -0.04748
   0.15662	  -0.04809
   0.16749	  -0.04862
   0.17845	  -0.04908
   0.18949	  -0.04947
   0.20060	  -0.04979
   0.21177	  -0.05006
   0.22299	  -0.05028
   0.23425	  -0.05046
   0.24554	  -0.05060
   0.25685	  -0.05073
   0.26818	  -0.05083
   0.27951	  -0.05094
   0.29084	  -0.05103
   0.30216	  -0.05113
   0.31347	  -0.05122
   0.32476	  -0.05129
   0.33604	  -0.05135
   0.34731	  -0.05140
   0.35855	  -0.05143
   0.36978	  -0.05143
   0.38100	  -0.05142
   0.39221	  -0.05137
   0.40341	  -0.05130
   0.41461	  -0.05119
   0.42582	  -0.05106
   0.43705	  -0.05090
   0.44828	  -0.05071
   0.45952	  -0.05050
   0.47078	  -0.05027
   0.48204	  -0.05003
   0.49330	  -0.04977
   0.50454	  -0.04950
   0.51576	  -0.04921
   0.52694	  -0.04889
   0.53809	  -0.04854
   0.54920	  -0.04814
   0.56029	  -0.04769
   0.57138	  -0.04719
   0.58244	  -0.04663
   0.59349	  -0.04601
   0.60454	  -0.04532
   0.61562	  -0.04456
   0.62673	  -0.04377
   0.63785	  -0.04299
   0.64893	  -0.04221
   0.65997	  -0.04141
   0.67098	  -0.04054
   0.68198	  -0.03963
   0.69293	  -0.03874
   0.70385	  -0.03777
   0.71483	  -0.03674
   0.72585	  -0.03573
   0.73685	  -0.03470
   0.74783	  -0.03360
   0.75880	  -0.03243
   0.76980	  -0.03119
   0.78084	  -0.02995
   0.79187	  -0.02871
   0.80286	  -0.02748
   0.81379	  -0.02629
   0.82471	  -0.02519
   0.83559	  -0.02415
   0.84641	  -0.02320
   0.85720	  -0.02233
   0.86787	  -0.02145
   0.87839	  -0.02043
   0.88881	  -0.01928
   0.89914	  -0.01812
   0.90932	  -0.01683
   0.91945	  -0.01527
   0.92957	  -0.01372
   0.93956	  -0.01208
   0.94943	  -0.01023
   0.95918	  -0.00841
   0.96863	  -0.00665
   0.97769	  -0.00481
   0.98640	  -0.00303
   0.99472	  -0.00156
   1.00000	   0.00000
