NACA2412-camber-1.8-flap-20
   1.00000	   0.06979
   0.99401	   0.06831
   0.98471	   0.06600
   0.97509	   0.06360
   0.96526	   0.06109
   0.95527	   0.05846
   0.94518	   0.05573
   0.93505	   0.05290
   0.92494	   0.05002
   0.91493	   0.04713
   0.90512	   0.04429
   0.89559	   0.04155
   0.88646	   0.03892
   0.87780	   0.03644
   0.86962	   0.03410
   0.86193	   0.03191
   0.85474	   0.02987
   0.84802	   0.02797
   0.84174	   0.02619
   0.83588	   0.02452
   0.83040	   0.02297
   0.82528	   0.02151
   0.82048	   0.02015
   0.81599	   0.01885
   0.81175	   0.01763
   0.80770	   0.01659
   0.80381	   0.01594
   0.79998	   0.01609
   0.79608	   0.01661
   0.79204	   0.01694
   0.78781	   0.01711
   0.78337	   0.01734
   0.77869	   0.01768
   0.77371	   0.01806
   0.76841	   0.01845
   0.76272	   0.01882
   0.75663	   0.01922
   0.75007	   0.01965
   0.74301	   0.02012
   0.73538	   0.02062
   0.72713	   0.02116
   0.71822	   0.02174
   0.70859	   0.02237
   0.69824	   0.02305
   0.68714	   0.02377
   0.67531	   0.02455
   0.66279	   0.02536
   0.64963	   0.02621
   0.63589	   0.02709
   0.62167	   0.02800
   0.60707	   0.02893
   0.59220	   0.02987
   0.57710	   0.03080
   0.56185	   0.03174
   0.54652	   0.03267
   0.53116	   0.03357
   0.51577	   0.03445
   0.50037	   0.03530
   0.48499	   0.03612
   0.46961	   0.03690
   0.45426	   0.03764
   0.43892	   0.03835
   0.42359	   0.03902
   0.40830	   0.03966
   0.39306	   0.04027
   0.37788	   0.04084
   0.36277	   0.04137
   0.34778	   0.04187
   0.33292	   0.04232
   0.31822	   0.04274
   0.30375	   0.04312
   0.28955	   0.04347
   0.27568	   0.04376
   0.26217	   0.04399
   0.24905	   0.04416
   0.23636	   0.04427
   0.22409	   0.04430
   0.21227	   0.04427
   0.20095	   0.04418
   0.19013	   0.04403
   0.17982	   0.04380
   0.17000	   0.04352
   0.16067	   0.04319
   0.15185	   0.04282
   0.14350	   0.04241
   0.13563	   0.04197
   0.12820	   0.04148
   0.12119	   0.04096
   0.11456	   0.04043
   0.10829	   0.03989
   0.10238	   0.03933
   0.09681	   0.03878
   0.09156	   0.03822
   0.08660	   0.03762
   0.08189	   0.03699
   0.07741	   0.03633
   0.07312	   0.03568
   0.06903	   0.03503
   0.06514	   0.03441
   0.06145	   0.03379
   0.05794	   0.03315
   0.05459	   0.03246
   0.05139	   0.03172
   0.04831	   0.03095
   0.04535	   0.03016
   0.04248	   0.02937
   0.03972	   0.02860
   0.03705	   0.02785
   0.03449	   0.02710
   0.03202	   0.02635
   0.02965	   0.02557
   0.02737	   0.02477
   0.02518	   0.02392
   0.02308	   0.02303
   0.02107	   0.02209
   0.01915	   0.02108
   0.01732	   0.02002
   0.01556	   0.01892
   0.01388	   0.01777
   0.01226	   0.01660
   0.01069	   0.01543
   0.00914	   0.01428
   0.00763	   0.01314
   0.00621	   0.01195
   0.00491	   0.01068
   0.00370	   0.00934
   0.00260	   0.00794
   0.00172	   0.00642
   0.00103	   0.00481
   0.00041	   0.00318
   0.00008	   0.00148
   0.00005	  -0.00026
   0.00018	  -0.00202
   0.00050	  -0.00373
   0.00119	  -0.00535
   0.00190	  -0.00696
   0.00271	  -0.00854
   0.00375	  -0.01002
   0.00491	  -0.01145
   0.00614	  -0.01285
   0.00745	  -0.01422
   0.00884	  -0.01558
   0.01028	  -0.01694
   0.01175	  -0.01833
   0.01326	  -0.01973
   0.01483	  -0.02112
   0.01648	  -0.02247
   0.01824	  -0.02378
   0.02009	  -0.02505
   0.02203	  -0.02630
   0.02406	  -0.02752
   0.02618	  -0.02874
   0.02838	  -0.02996
   0.03067	  -0.03118
   0.03304	  -0.03241
   0.03551	  -0.03365
   0.03806	  -0.03490
   0.04072	  -0.03615
   0.04348	  -0.03740
   0.04636	  -0.03863
   0.04937	  -0.03986
   0.05251	  -0.04108
   0.05580	  -0.04230
   0.05923	  -0.04351
   0.06284	  -0.04473
   0.06661	  -0.04595
   0.07057	  -0.04718
   0.07472	  -0.04841
   0.07909	  -0.04965
   0.08368	  -0.05091
   0.08851	  -0.05219
   0.09359	  -0.05350
   0.09893	  -0.05482
   0.10453	  -0.05615
   0.11043	  -0.05749
   0.11662	  -0.05882
   0.12314	  -0.06014
   0.12999	  -0.06145
   0.13720	  -0.06275
   0.14477	  -0.06403
   0.15272	  -0.06529
   0.16104	  -0.06652
   0.16976	  -0.06772
   0.17885	  -0.06891
   0.18830	  -0.07005
   0.19809	  -0.07113
   0.20822	  -0.07216
   0.21866	  -0.07312
   0.22939	  -0.07401
   0.24041	  -0.07482
   0.25169	  -0.07555
   0.26320	  -0.07619
   0.27493	  -0.07674
   0.28685	  -0.07720
   0.29894	  -0.07756
   0.31123	  -0.07782
   0.32367	  -0.07798
   0.33627	  -0.07804
   0.34905	  -0.07800
   0.36197	  -0.07787
   0.37503	  -0.07764
   0.38824	  -0.07731
   0.40162	  -0.07690
   0.41511	  -0.07640
   0.42873	  -0.07580
   0.44250	  -0.07513
   0.45639	  -0.07438
   0.47037	  -0.07356
   0.48444	  -0.07266
   0.49862	  -0.07169
   0.51284	  -0.07066
   0.52709	  -0.06957
   0.54138	  -0.06841
   0.55568	  -0.06721
   0.56994	  -0.06595
   0.58416	  -0.06462
   0.59835	  -0.06324
   0.61248	  -0.06181
   0.62651	  -0.06032
   0.64046	  -0.05877
   0.65428	  -0.05721
   0.66789	  -0.05560
   0.68128	  -0.05398
   0.69436	  -0.05236
   0.70706	  -0.05074
   0.71932	  -0.04915
   0.73107	  -0.04758
   0.74227	  -0.04606
   0.75287	  -0.04460
   0.76285	  -0.04321
   0.77220	  -0.04187
   0.78093	  -0.04060
   0.78908	  -0.03938
   0.79668	  -0.03825
   0.80381	  -0.03724
   0.81051	  -0.03622
   0.81676	  -0.03506
   0.82258	  -0.03344
   0.82817	  -0.03106
   0.83393	  -0.02806
   0.84004	  -0.02470
   0.84653	  -0.02108
   0.85345	  -0.01724
   0.86082	  -0.01313
   0.86866	  -0.00874
   0.87697	  -0.00406
   0.88570	   0.00087
   0.89481	   0.00603
   0.90420	   0.01139
   0.91381	   0.01688
   0.92350	   0.02245
   0.93313	   0.02802
   0.94262	   0.03360
   0.95191	   0.03918
   0.96100	   0.04475
   0.96986	   0.05031
   0.97847	   0.05579
   0.98680	   0.06119
   0.99483	   0.06642
   1.00000	   0.06979
