NACA2412-camber-1.3
   1.00000	   0.00000
   0.99641	   0.00045
   0.99042	   0.00120
   0.98366	   0.00204
   0.97623	   0.00294
   0.96828	   0.00388
   0.95992	   0.00482
   0.95131	   0.00573
   0.94253	   0.00661
   0.93357	   0.00744
   0.92443	   0.00823
   0.91512	   0.00901
   0.90566	   0.00979
   0.89610	   0.01058
   0.88647	   0.01138
   0.87681	   0.01219
   0.86713	   0.01301
   0.85744	   0.01383
   0.84776	   0.01466
   0.83809	   0.01549
   0.82843	   0.01631
   0.81877	   0.01712
   0.80911	   0.01792
   0.79944	   0.01873
   0.78977	   0.01951
   0.78011	   0.02029
   0.77044	   0.02105
   0.76078	   0.02181
   0.75111	   0.02256
   0.74143	   0.02330
   0.73174	   0.02403
   0.72204	   0.02477
   0.71233	   0.02549
   0.70263	   0.02621
   0.69293	   0.02693
   0.68324	   0.02764
   0.67355	   0.02834
   0.66385	   0.02905
   0.65416	   0.02975
   0.64448	   0.03044
   0.63480	   0.03113
   0.62513	   0.03181
   0.61546	   0.03249
   0.60579	   0.03316
   0.59613	   0.03383
   0.58647	   0.03448
   0.57680	   0.03513
   0.56713	   0.03576
   0.55745	   0.03639
   0.54777	   0.03702
   0.53808	   0.03763
   0.52838	   0.03823
   0.51868	   0.03881
   0.50898	   0.03938
   0.49929	   0.03994
   0.48959	   0.04049
   0.47991	   0.04102
   0.47023	   0.04152
   0.46057	   0.04202
   0.45092	   0.04250
   0.44130	   0.04296
   0.43168	   0.04339
   0.42209	   0.04382
   0.41252	   0.04422
   0.40295	   0.04462
   0.39341	   0.04499
   0.38388	   0.04534
   0.37437	   0.04567
   0.36487	   0.04598
   0.35540	   0.04629
   0.34594	   0.04656
   0.33651	   0.04682
   0.32710	   0.04706
   0.31771	   0.04727
   0.30834	   0.04748
   0.29899	   0.04766
   0.28966	   0.04782
   0.28034	   0.04795
   0.27104	   0.04806
   0.26175	   0.04813
   0.25248	   0.04818
   0.24323	   0.04818
   0.23400	   0.04815
   0.22481	   0.04807
   0.21565	   0.04796
   0.20652	   0.04780
   0.19744	   0.04759
   0.18838	   0.04733
   0.17935	   0.04703
   0.17036	   0.04665
   0.16144	   0.04622
   0.15261	   0.04573
   0.14387	   0.04517
   0.13524	   0.04456
   0.12673	   0.04387
   0.11834	   0.04309
   0.11009	   0.04225
   0.10196	   0.04135
   0.09392	   0.04039
   0.08601	   0.03931
   0.07837	   0.03813
   0.07114	   0.03688
   0.06436	   0.03564
   0.05800	   0.03438
   0.05207	   0.03303
   0.04661	   0.03156
   0.04162	   0.03006
   0.03704	   0.02863
   0.03283	   0.02728
   0.02898	   0.02593
   0.02551	   0.02458
   0.02247	   0.02321
   0.01980	   0.02185
   0.01744	   0.02047
   0.01534	   0.01910
   0.01343	   0.01773
   0.01168	   0.01641
   0.01006	   0.01516
   0.00856	   0.01399
   0.00719	   0.01289
   0.00596	   0.01182
   0.00487	   0.01075
   0.00390	   0.00964
   0.00305	   0.00857
   0.00231	   0.00753
   0.00169	   0.00636
   0.00116	   0.00508
   0.00074	   0.00415
   0.00042	   0.00338
   0.00019	   0.00204
   0.00005	   0.00063
   0.00000	   0.00000
   0.00006	  -0.00075
   0.00021	  -0.00222
   0.00047	  -0.00360
   0.00083	  -0.00441
   0.00128	  -0.00550
   0.00184	  -0.00687
   0.00250	  -0.00808
   0.00327	  -0.00920
   0.00416	  -0.01040
   0.00518	  -0.01165
   0.00633	  -0.01288
   0.00762	  -0.01414
   0.00905	  -0.01549
   0.01060	  -0.01692
   0.01226	  -0.01844
   0.01403	  -0.02000
   0.01595	  -0.02158
   0.01802	  -0.02312
   0.02030	  -0.02463
   0.02281	  -0.02615
   0.02560	  -0.02771
   0.02874	  -0.02935
   0.03227	  -0.03113
   0.03626	  -0.03303
   0.04072	  -0.03502
   0.04556	  -0.03704
   0.05071	  -0.03901
   0.05625	  -0.04096
   0.06242	  -0.04295
   0.06936	  -0.04501
   0.07679	  -0.04704
   0.08440	  -0.04899
   0.09221	  -0.05089
   0.10045	  -0.05275
   0.10912	  -0.05458
   0.11796	  -0.05631
   0.12684	  -0.05791
   0.13578	  -0.05939
   0.14485	  -0.06077
   0.15403	  -0.06207
   0.16328	  -0.06327
   0.17257	  -0.06440
   0.18191	  -0.06544
   0.19131	  -0.06640
   0.20076	  -0.06729
   0.21027	  -0.06811
   0.21982	  -0.06884
   0.22940	  -0.06951
   0.23901	  -0.07011
   0.24864	  -0.07064
   0.25831	  -0.07109
   0.26801	  -0.07149
   0.27776	  -0.07183
   0.28754	  -0.07210
   0.29737	  -0.07231
   0.30723	  -0.07245
   0.31710	  -0.07255
   0.32697	  -0.07259
   0.33683	  -0.07255
   0.34669	  -0.07248
   0.35656	  -0.07236
   0.36643	  -0.07218
   0.37631	  -0.07196
   0.38619	  -0.07169
   0.39607	  -0.07138
   0.40594	  -0.07103
   0.41580	  -0.07064
   0.42566	  -0.07020
   0.43553	  -0.06973
   0.44540	  -0.06923
   0.45526	  -0.06869
   0.46512	  -0.06812
   0.47499	  -0.06752
   0.48485	  -0.06690
   0.49472	  -0.06624
   0.50459	  -0.06555
   0.51447	  -0.06485
   0.52436	  -0.06411
   0.53425	  -0.06335
   0.54416	  -0.06256
   0.55408	  -0.06174
   0.56401	  -0.06090
   0.57395	  -0.06003
   0.58389	  -0.05914
   0.59385	  -0.05821
   0.60381	  -0.05725
   0.61378	  -0.05627
   0.62376	  -0.05527
   0.63374	  -0.05423
   0.64372	  -0.05317
   0.65370	  -0.05209
   0.66368	  -0.05099
   0.67366	  -0.04986
   0.68364	  -0.04872
   0.69362	  -0.04754
   0.70360	  -0.04636
   0.71358	  -0.04514
   0.72355	  -0.04392
   0.73352	  -0.04267
   0.74347	  -0.04140
   0.75342	  -0.04012
   0.76336	  -0.03881
   0.77329	  -0.03748
   0.78321	  -0.03613
   0.79312	  -0.03476
   0.80303	  -0.03337
   0.81294	  -0.03195
   0.82287	  -0.03051
   0.83282	  -0.02905
   0.84279	  -0.02757
   0.85274	  -0.02606
   0.86267	  -0.02455
   0.87256	  -0.02303
   0.88241	  -0.02150
   0.89226	  -0.01996
   0.90210	  -0.01841
   0.91190	  -0.01685
   0.92161	  -0.01528
   0.93116	  -0.01368
   0.94051	  -0.01205
   0.94964	  -0.01038
   0.95856	  -0.00867
   0.96722	  -0.00694
   0.97547	  -0.00524
   0.98315	  -0.00362
   0.99013	  -0.00212
   0.99631	  -0.00079
   1.00000	   0.00000
