NACA2412-camber-0.1
   1.00000	   0.00000
   0.99641	   0.00060
   0.99042	   0.00160
   0.98366	   0.00272
   0.97623	   0.00393
   0.96828	   0.00520
   0.95992	   0.00647
   0.95131	   0.00773
   0.94253	   0.00895
   0.93357	   0.01013
   0.92443	   0.01127
   0.91512	   0.01239
   0.90567	   0.01351
   0.89611	   0.01463
   0.88648	   0.01576
   0.87682	   0.01689
   0.86714	   0.01803
   0.85745	   0.01915
   0.84777	   0.02027
   0.83810	   0.02139
   0.82844	   0.02249
   0.81878	   0.02358
   0.80912	   0.02465
   0.79945	   0.02572
   0.78978	   0.02677
   0.78012	   0.02780
   0.77045	   0.02881
   0.76079	   0.02982
   0.75112	   0.03081
   0.74144	   0.03178
   0.73175	   0.03275
   0.72205	   0.03370
   0.71234	   0.03464
   0.70264	   0.03557
   0.69294	   0.03648
   0.68325	   0.03739
   0.67356	   0.03828
   0.66386	   0.03918
   0.65417	   0.04005
   0.64449	   0.04090
   0.63481	   0.04175
   0.62514	   0.04258
   0.61547	   0.04339
   0.60580	   0.04420
   0.59614	   0.04499
   0.58648	   0.04576
   0.57681	   0.04651
   0.56714	   0.04725
   0.55746	   0.04797
   0.54778	   0.04868
   0.53809	   0.04937
   0.52839	   0.05004
   0.51869	   0.05070
   0.50899	   0.05133
   0.49930	   0.05194
   0.48960	   0.05255
   0.47993	   0.05312
   0.47025	   0.05367
   0.46058	   0.05420
   0.45094	   0.05471
   0.44132	   0.05519
   0.43170	   0.05565
   0.42211	   0.05608
   0.41253	   0.05649
   0.40296	   0.05687
   0.39342	   0.05722
   0.38389	   0.05755
   0.37438	   0.05784
   0.36488	   0.05810
   0.35541	   0.05834
   0.34595	   0.05854
   0.33652	   0.05871
   0.32711	   0.05886
   0.31772	   0.05896
   0.30835	   0.05902
   0.29901	   0.05906
   0.28968	   0.05906
   0.28036	   0.05902
   0.27105	   0.05894
   0.26176	   0.05881
   0.25249	   0.05865
   0.24324	   0.05843
   0.23401	   0.05816
   0.22482	   0.05784
   0.21566	   0.05747
   0.20653	   0.05705
   0.19744	   0.05656
   0.18839	   0.05602
   0.17936	   0.05541
   0.17037	   0.05474
   0.16145	   0.05400
   0.15262	   0.05320
   0.14388	   0.05232
   0.13525	   0.05138
   0.12673	   0.05036
   0.11834	   0.04924
   0.11009	   0.04805
   0.10196	   0.04678
   0.09393	   0.04544
   0.08602	   0.04398
   0.07838	   0.04245
   0.07114	   0.04088
   0.06436	   0.03930
   0.05800	   0.03771
   0.05207	   0.03603
   0.04661	   0.03430
   0.04162	   0.03254
   0.03704	   0.03085
   0.03283	   0.02920
   0.02899	   0.02758
   0.02552	   0.02601
   0.02247	   0.02449
   0.01980	   0.02300
   0.01744	   0.02152
   0.01534	   0.02004
   0.01343	   0.01856
   0.01168	   0.01713
   0.01006	   0.01577
   0.00856	   0.01450
   0.00719	   0.01330
   0.00596	   0.01215
   0.00487	   0.01101
   0.00390	   0.00985
   0.00305	   0.00873
   0.00231	   0.00765
   0.00169	   0.00644
   0.00116	   0.00513
   0.00074	   0.00419
   0.00042	   0.00341
   0.00019	   0.00206
   0.00005	   0.00063
   0.00000	   0.00000
   0.00006	  -0.00075
   0.00021	  -0.00222
   0.00047	  -0.00358
   0.00083	  -0.00437
   0.00128	  -0.00543
   0.00184	  -0.00677
   0.00250	  -0.00795
   0.00327	  -0.00903
   0.00416	  -0.01018
   0.00518	  -0.01136
   0.00633	  -0.01252
   0.00762	  -0.01370
   0.00905	  -0.01495
   0.01060	  -0.01627
   0.01226	  -0.01768
   0.01403	  -0.01914
   0.01595	  -0.02061
   0.01802	  -0.02204
   0.02030	  -0.02344
   0.02282	  -0.02485
   0.02561	  -0.02626
   0.02875	  -0.02771
   0.03228	  -0.02924
   0.03626	  -0.03087
   0.04072	  -0.03258
   0.04556	  -0.03435
   0.05071	  -0.03607
   0.05625	  -0.03773
   0.06242	  -0.03939
   0.06936	  -0.04109
   0.07680	  -0.04279
   0.08441	  -0.04440
   0.09222	  -0.04592
   0.10045	  -0.04739
   0.10912	  -0.04882
   0.11796	  -0.05017
   0.12684	  -0.05141
   0.13579	  -0.05254
   0.14486	  -0.05359
   0.15404	  -0.05455
   0.16329	  -0.05543
   0.17258	  -0.05623
   0.18192	  -0.05697
   0.19131	  -0.05762
   0.20077	  -0.05822
   0.21028	  -0.05875
   0.21983	  -0.05922
   0.22941	  -0.05962
   0.23902	  -0.05997
   0.24865	  -0.06026
   0.25832	  -0.06049
   0.26802	  -0.06067
   0.27777	  -0.06080
   0.28756	  -0.06089
   0.29739	  -0.06093
   0.30724	  -0.06092
   0.31711	  -0.06088
   0.32698	  -0.06079
   0.33684	  -0.06066
   0.34670	  -0.06050
   0.35657	  -0.06029
   0.36644	  -0.06005
   0.37632	  -0.05978
   0.38620	  -0.05948
   0.39608	  -0.05914
   0.40595	  -0.05877
   0.41581	  -0.05837
   0.42568	  -0.05794
   0.43555	  -0.05748
   0.44542	  -0.05700
   0.45528	  -0.05649
   0.46514	  -0.05596
   0.47501	  -0.05540
   0.48486	  -0.05482
   0.49473	  -0.05421
   0.50460	  -0.05358
   0.51448	  -0.05294
   0.52437	  -0.05227
   0.53426	  -0.05158
   0.54417	  -0.05087
   0.55409	  -0.05013
   0.56402	  -0.04939
   0.57396	  -0.04862
   0.58390	  -0.04783
   0.59386	  -0.04702
   0.60382	  -0.04619
   0.61379	  -0.04534
   0.62377	  -0.04448
   0.63375	  -0.04360
   0.64373	  -0.04270
   0.65371	  -0.04179
   0.66369	  -0.04086
   0.67367	  -0.03992
   0.68365	  -0.03897
   0.69363	  -0.03800
   0.70361	  -0.03701
   0.71359	  -0.03602
   0.72356	  -0.03502
   0.73353	  -0.03400
   0.74348	  -0.03297
   0.75343	  -0.03193
   0.76337	  -0.03086
   0.77330	  -0.02979
   0.78322	  -0.02870
   0.79313	  -0.02759
   0.80304	  -0.02647
   0.81295	  -0.02533
   0.82288	  -0.02417
   0.83283	  -0.02299
   0.84280	  -0.02180
   0.85275	  -0.02060
   0.86268	  -0.01940
   0.87257	  -0.01819
   0.88242	  -0.01698
   0.89227	  -0.01577
   0.90211	  -0.01457
   0.91191	  -0.01335
   0.92162	  -0.01213
   0.93116	  -0.01089
   0.94051	  -0.00962
   0.94964	  -0.00831
   0.95856	  -0.00696
   0.96722	  -0.00558
   0.97547	  -0.00422
   0.98315	  -0.00292
   0.99013	  -0.00171
   0.99631	  -0.00064
   1.00000	   0.00000
