NACA2412-camber-1.7
   1.00000	   0.00000
   0.99641	   0.00040
   0.99042	   0.00107
   0.98366	   0.00181
   0.97623	   0.00261
   0.96828	   0.00344
   0.95992	   0.00427
   0.95131	   0.00506
   0.94252	   0.00582
   0.93356	   0.00654
   0.92442	   0.00722
   0.91511	   0.00788
   0.90566	   0.00855
   0.89610	   0.00923
   0.88647	   0.00992
   0.87681	   0.01063
   0.86713	   0.01134
   0.85744	   0.01206
   0.84776	   0.01279
   0.83809	   0.01352
   0.82843	   0.01424
   0.81877	   0.01497
   0.80911	   0.01568
   0.79944	   0.01640
   0.78977	   0.01710
   0.78011	   0.01778
   0.77044	   0.01846
   0.76078	   0.01914
   0.75111	   0.01981
   0.74143	   0.02047
   0.73174	   0.02113
   0.72204	   0.02179
   0.71233	   0.02244
   0.70262	   0.02309
   0.69293	   0.02374
   0.68323	   0.02439
   0.67355	   0.02503
   0.66384	   0.02568
   0.65415	   0.02632
   0.64447	   0.02695
   0.63479	   0.02759
   0.62512	   0.02822
   0.61545	   0.02885
   0.60578	   0.02948
   0.59613	   0.03011
   0.58646	   0.03072
   0.57680	   0.03133
   0.56713	   0.03194
   0.55745	   0.03254
   0.54777	   0.03313
   0.53808	   0.03371
   0.52838	   0.03429
   0.51868	   0.03485
   0.50898	   0.03540
   0.49929	   0.03594
   0.48959	   0.03647
   0.47991	   0.03698
   0.47023	   0.03747
   0.46057	   0.03796
   0.45092	   0.03843
   0.44130	   0.03888
   0.43168	   0.03931
   0.42209	   0.03973
   0.41251	   0.04014
   0.40294	   0.04053
   0.39340	   0.04091
   0.38387	   0.04127
   0.37436	   0.04162
   0.36486	   0.04194
   0.35539	   0.04227
   0.34593	   0.04257
   0.33651	   0.04285
   0.32710	   0.04313
   0.31771	   0.04338
   0.30834	   0.04363
   0.29899	   0.04385
   0.28966	   0.04407
   0.28034	   0.04425
   0.27103	   0.04443
   0.26174	   0.04457
   0.25247	   0.04469
   0.24323	   0.04477
   0.23400	   0.04481
   0.22481	   0.04482
   0.21565	   0.04479
   0.20652	   0.04472
   0.19743	   0.04461
   0.18837	   0.04444
   0.17934	   0.04423
   0.17036	   0.04395
   0.16144	   0.04363
   0.15261	   0.04324
   0.14387	   0.04279
   0.13524	   0.04228
   0.12672	   0.04170
   0.11833	   0.04104
   0.11009	   0.04032
   0.10196	   0.03954
   0.09392	   0.03871
   0.08601	   0.03776
   0.07837	   0.03669
   0.07113	   0.03554
   0.06435	   0.03441
   0.05800	   0.03327
   0.05207	   0.03202
   0.04661	   0.03064
   0.04162	   0.02923
   0.03704	   0.02789
   0.03283	   0.02664
   0.02898	   0.02539
   0.02551	   0.02410
   0.02246	   0.02278
   0.01980	   0.02146
   0.01744	   0.02013
   0.01534	   0.01879
   0.01343	   0.01746
   0.01168	   0.01617
   0.01006	   0.01496
   0.00856	   0.01383
   0.00719	   0.01275
   0.00596	   0.01171
   0.00487	   0.01066
   0.00390	   0.00957
   0.00305	   0.00852
   0.00231	   0.00749
   0.00169	   0.00633
   0.00116	   0.00506
   0.00074	   0.00414
   0.00042	   0.00337
   0.00019	   0.00204
   0.00005	   0.00063
   0.00000	   0.00000
   0.00006	  -0.00075
   0.00021	  -0.00223
   0.00047	  -0.00361
   0.00083	  -0.00442
   0.00128	  -0.00553
   0.00184	  -0.00690
   0.00250	  -0.00813
   0.00327	  -0.00926
   0.00416	  -0.01048
   0.00518	  -0.01174
   0.00633	  -0.01300
   0.00762	  -0.01429
   0.00905	  -0.01567
   0.01060	  -0.01713
   0.01226	  -0.01869
   0.01403	  -0.02029
   0.01595	  -0.02191
   0.01802	  -0.02347
   0.02029	  -0.02502
   0.02281	  -0.02658
   0.02560	  -0.02819
   0.02874	  -0.02989
   0.03227	  -0.03175
   0.03626	  -0.03376
   0.04072	  -0.03584
   0.04556	  -0.03794
   0.05071	  -0.03999
   0.05625	  -0.04204
   0.06242	  -0.04414
   0.06935	  -0.04631
   0.07679	  -0.04846
   0.08440	  -0.05053
   0.09221	  -0.05254
   0.10045	  -0.05454
   0.10912	  -0.05650
   0.11796	  -0.05835
   0.12683	  -0.06007
   0.13578	  -0.06167
   0.14485	  -0.06317
   0.15403	  -0.06458
   0.16328	  -0.06589
   0.17257	  -0.06712
   0.18190	  -0.06827
   0.19130	  -0.06933
   0.20076	  -0.07032
   0.21027	  -0.07123
   0.21982	  -0.07205
   0.22940	  -0.07281
   0.23901	  -0.07349
   0.24863	  -0.07410
   0.25830	  -0.07463
   0.26800	  -0.07509
   0.27775	  -0.07550
   0.28754	  -0.07583
   0.29737	  -0.07610
   0.30723	  -0.07630
   0.31710	  -0.07644
   0.32697	  -0.07652
   0.33683	  -0.07652
   0.34668	  -0.07648
   0.35655	  -0.07638
   0.36642	  -0.07622
   0.37630	  -0.07602
   0.38618	  -0.07576
   0.39606	  -0.07546
   0.40593	  -0.07511
   0.41579	  -0.07472
   0.42566	  -0.07429
   0.43553	  -0.07382
   0.44540	  -0.07330
   0.45526	  -0.07276
   0.46512	  -0.07218
   0.47499	  -0.07156
   0.48485	  -0.07092
   0.49472	  -0.07025
   0.50459	  -0.06954
   0.51447	  -0.06882
   0.52436	  -0.06805
   0.53425	  -0.06727
   0.54416	  -0.06646
   0.55408	  -0.06561
   0.56401	  -0.06474
   0.57395	  -0.06384
   0.58388	  -0.06291
   0.59385	  -0.06193
   0.60380	  -0.06094
   0.61377	  -0.05992
   0.62375	  -0.05886
   0.63373	  -0.05778
   0.64371	  -0.05666
   0.65369	  -0.05553
   0.66367	  -0.05436
   0.67366	  -0.05317
   0.68363	  -0.05197
   0.69362	  -0.05072
   0.70359	  -0.04947
   0.71358	  -0.04818
   0.72355	  -0.04688
   0.73352	  -0.04556
   0.74347	  -0.04421
   0.75342	  -0.04285
   0.76336	  -0.04145
   0.77329	  -0.04004
   0.78321	  -0.03861
   0.79312	  -0.03715
   0.80303	  -0.03566
   0.81294	  -0.03416
   0.82287	  -0.03263
   0.83282	  -0.03107
   0.84279	  -0.02949
   0.85274	  -0.02788
   0.86267	  -0.02627
   0.87256	  -0.02464
   0.88241	  -0.02300
   0.89226	  -0.02135
   0.90210	  -0.01969
   0.91190	  -0.01801
   0.92161	  -0.01632
   0.93115	  -0.01461
   0.94050	  -0.01286
   0.94964	  -0.01107
   0.95856	  -0.00924
   0.96722	  -0.00740
   0.97547	  -0.00558
   0.98315	  -0.00386
   0.99013	  -0.00226
   0.99631	  -0.00084
   1.00000	   0.00000
