NACA2412-camber-0.6
   1.00000	   0.00000
   0.99641	   0.00054
   0.99042	   0.00143
   0.98366	   0.00243
   0.97623	   0.00352
   0.96828	   0.00465
   0.95992	   0.00578
   0.95131	   0.00690
   0.94253	   0.00797
   0.93357	   0.00901
   0.92443	   0.01000
   0.91512	   0.01098
   0.90567	   0.01196
   0.89611	   0.01294
   0.88648	   0.01393
   0.87682	   0.01494
   0.86714	   0.01594
   0.85745	   0.01693
   0.84776	   0.01793
   0.83810	   0.01893
   0.82843	   0.01991
   0.81877	   0.02089
   0.80911	   0.02185
   0.79944	   0.02281
   0.78977	   0.02375
   0.78011	   0.02467
   0.77044	   0.02558
   0.76078	   0.02648
   0.75111	   0.02737
   0.74143	   0.02824
   0.73174	   0.02912
   0.72204	   0.02998
   0.71233	   0.03082
   0.70263	   0.03167
   0.69293	   0.03250
   0.68324	   0.03333
   0.67355	   0.03414
   0.66385	   0.03496
   0.65416	   0.03576
   0.64448	   0.03654
   0.63480	   0.03732
   0.62513	   0.03809
   0.61547	   0.03885
   0.60579	   0.03960
   0.59614	   0.04034
   0.58648	   0.04106
   0.57681	   0.04177
   0.56714	   0.04246
   0.55746	   0.04315
   0.54778	   0.04382
   0.53809	   0.04448
   0.52839	   0.04512
   0.51869	   0.04575
   0.50899	   0.04635
   0.49930	   0.04694
   0.48960	   0.04752
   0.47992	   0.04807
   0.47024	   0.04861
   0.46058	   0.04912
   0.45093	   0.04962
   0.44131	   0.05009
   0.43169	   0.05054
   0.42210	   0.05097
   0.41252	   0.05138
   0.40295	   0.05176
   0.39341	   0.05212
   0.38388	   0.05246
   0.37437	   0.05277
   0.36487	   0.05305
   0.35541	   0.05332
   0.34595	   0.05355
   0.33652	   0.05375
   0.32711	   0.05394
   0.31772	   0.05409
   0.30835	   0.05421
   0.29900	   0.05431
   0.28967	   0.05437
   0.28035	   0.05440
   0.27104	   0.05440
   0.26175	   0.05436
   0.25248	   0.05428
   0.24323	   0.05416
   0.23401	   0.05399
   0.22482	   0.05377
   0.21566	   0.05351
   0.20653	   0.05319
   0.19744	   0.05282
   0.18838	   0.05240
   0.17935	   0.05192
   0.17036	   0.05137
   0.16144	   0.05076
   0.15262	   0.05009
   0.14388	   0.04934
   0.13525	   0.04854
   0.12673	   0.04765
   0.11834	   0.04668
   0.11009	   0.04563
   0.10196	   0.04452
   0.09392	   0.04333
   0.08601	   0.04204
   0.07838	   0.04065
   0.07114	   0.03921
   0.06436	   0.03778
   0.05800	   0.03632
   0.05207	   0.03478
   0.04661	   0.03315
   0.04162	   0.03151
   0.03704	   0.02992
   0.03283	   0.02840
   0.02898	   0.02690
   0.02551	   0.02541
   0.02247	   0.02395
   0.01980	   0.02252
   0.01744	   0.02109
   0.01534	   0.01965
   0.01343	   0.01822
   0.01168	   0.01682
   0.01006	   0.01551
   0.00856	   0.01428
   0.00719	   0.01312
   0.00596	   0.01202
   0.00487	   0.01090
   0.00390	   0.00977
   0.00305	   0.00867
   0.00231	   0.00760
   0.00169	   0.00642
   0.00116	   0.00512
   0.00074	   0.00417
   0.00042	   0.00339
   0.00019	   0.00205
   0.00005	   0.00063
   0.00000	   0.00000
   0.00006	  -0.00075
   0.00021	  -0.00222
   0.00047	  -0.00358
   0.00083	  -0.00438
   0.00128	  -0.00546
   0.00184	  -0.00681
   0.00250	  -0.00800
   0.00327	  -0.00910
   0.00416	  -0.01027
   0.00518	  -0.01148
   0.00633	  -0.01267
   0.00762	  -0.01389
   0.00905	  -0.01518
   0.01060	  -0.01655
   0.01226	  -0.01800
   0.01403	  -0.01950
   0.01595	  -0.02101
   0.01802	  -0.02249
   0.02030	  -0.02394
   0.02282	  -0.02539
   0.02560	  -0.02686
   0.02874	  -0.02839
   0.03227	  -0.03003
   0.03626	  -0.03177
   0.04072	  -0.03360
   0.04556	  -0.03547
   0.05071	  -0.03730
   0.05625	  -0.03908
   0.06242	  -0.04087
   0.06936	  -0.04272
   0.07680	  -0.04456
   0.08440	  -0.04631
   0.09221	  -0.04799
   0.10045	  -0.04963
   0.10912	  -0.05122
   0.11796	  -0.05273
   0.12684	  -0.05412
   0.13579	  -0.05540
   0.14486	  -0.05658
   0.15404	  -0.05768
   0.16328	  -0.05870
   0.17257	  -0.05964
   0.18191	  -0.06050
   0.19131	  -0.06128
   0.20077	  -0.06200
   0.21028	  -0.06265
   0.21983	  -0.06323
   0.22941	  -0.06374
   0.23902	  -0.06419
   0.24864	  -0.06458
   0.25831	  -0.06491
   0.26801	  -0.06518
   0.27776	  -0.06540
   0.28755	  -0.06556
   0.29738	  -0.06567
   0.30724	  -0.06573
   0.31711	  -0.06574
   0.32698	  -0.06571
   0.33684	  -0.06561
   0.34670	  -0.06549
   0.35657	  -0.06532
   0.36643	  -0.06511
   0.37631	  -0.06486
   0.38619	  -0.06457
   0.39607	  -0.06424
   0.40594	  -0.06388
   0.41580	  -0.06348
   0.42567	  -0.06305
   0.43554	  -0.06259
   0.44541	  -0.06210
   0.45527	  -0.06158
   0.46513	  -0.06103
   0.47500	  -0.06045
   0.48486	  -0.05985
   0.49473	  -0.05922
   0.50460	  -0.05857
   0.51448	  -0.05790
   0.52437	  -0.05720
   0.53426	  -0.05648
   0.54417	  -0.05574
   0.55409	  -0.05497
   0.56402	  -0.05419
   0.57396	  -0.05337
   0.58390	  -0.05254
   0.59386	  -0.05168
   0.60381	  -0.05080
   0.61379	  -0.04990
   0.62376	  -0.04897
   0.63374	  -0.04803
   0.64372	  -0.04706
   0.65370	  -0.04608
   0.66368	  -0.04508
   0.67366	  -0.04406
   0.68364	  -0.04303
   0.69362	  -0.04197
   0.70360	  -0.04091
   0.71358	  -0.03982
   0.72355	  -0.03873
   0.73352	  -0.03761
   0.74347	  -0.03648
   0.75342	  -0.03534
   0.76336	  -0.03417
   0.77329	  -0.03299
   0.78321	  -0.03180
   0.79312	  -0.03058
   0.80303	  -0.02934
   0.81294	  -0.02809
   0.82287	  -0.02681
   0.83282	  -0.02552
   0.84279	  -0.02420
   0.85275	  -0.02288
   0.86267	  -0.02154
   0.87257	  -0.02021
   0.88242	  -0.01886
   0.89227	  -0.01752
   0.90211	  -0.01617
   0.91191	  -0.01481
   0.92162	  -0.01344
   0.93116	  -0.01206
   0.94051	  -0.01064
   0.94964	  -0.00918
   0.95856	  -0.00767
   0.96722	  -0.00615
   0.97547	  -0.00465
   0.98315	  -0.00321
   0.99013	  -0.00188
   0.99631	  -0.00070
   1.00000	   0.00000
