para_nasa_AR20
   1.00000	   0.00000
   0.99446	   0.00155
   0.98593	   0.00357
   0.97713	   0.00574
   0.96789	   0.00779
   0.95817	   0.00984
   0.94806	   0.01191
   0.93758	   0.01397
   0.92677	   0.01603
   0.91569	   0.01817
   0.90440	   0.02038
   0.89293	   0.02263
   0.88131	   0.02486
   0.86958	   0.02708
   0.85779	   0.02929
   0.84596	   0.03146
   0.83410	   0.03366
   0.82220	   0.03589
   0.81029	   0.03811
   0.79837	   0.04028
   0.78644	   0.04248
   0.77451	   0.04466
   0.76260	   0.04682
   0.75069	   0.04902
   0.73872	   0.05120
   0.72669	   0.05343
   0.71460	   0.05571
   0.70246	   0.05800
   0.69029	   0.06029
   0.67813	   0.06259
   0.66600	   0.06491
   0.65391	   0.06727
   0.64181	   0.06968
   0.62971	   0.07209
   0.61763	   0.07454
   0.60556	   0.07706
   0.59345	   0.07962
   0.58130	   0.08219
   0.56915	   0.08477
   0.55700	   0.08735
   0.54490	   0.08991
   0.53286	   0.09246
   0.52091	   0.09496
   0.50906	   0.09740
   0.49731	   0.09981
   0.48565	   0.10220
   0.47401	   0.10450
   0.46241	   0.10674
   0.45081	   0.10886
   0.43921	   0.11091
   0.42763	   0.11288
   0.41607	   0.11475
   0.40452	   0.11651
   0.39298	   0.11818
   0.38146	   0.11974
   0.36994	   0.12119
   0.35842	   0.12253
   0.34689	   0.12379
   0.33540	   0.12497
   0.32396	   0.12606
   0.31258	   0.12706
   0.30131	   0.12796
   0.29015	   0.12875
   0.27912	   0.12942
   0.26824	   0.12997
   0.25753	   0.13039
   0.24701	   0.13066
   0.23670	   0.13076
   0.22657	   0.13062
   0.21660	   0.13022
   0.20675	   0.12958
   0.19700	   0.12874
   0.18738	   0.12776
   0.17794	   0.12667
   0.16874	   0.12550
   0.15984	   0.12422
   0.15125	   0.12281
   0.14300	   0.12124
   0.13508	   0.11951
   0.12750	   0.11762
   0.12025	   0.11558
   0.11332	   0.11341
   0.10671	   0.11115
   0.10043	   0.10884
   0.09449	   0.10648
   0.08889	   0.10406
   0.08359	   0.10162
   0.07860	   0.09920
   0.07395	   0.09675
   0.06960	   0.09425
   0.06549	   0.09180
   0.06162	   0.08942
   0.05803	   0.08704
   0.05470	   0.08465
   0.05156	   0.08231
   0.04860	   0.08006
   0.04584	   0.07785
   0.04326	   0.07566
   0.04082	   0.07356
   0.03848	   0.07155
   0.03628	   0.06959
   0.03426	   0.06763
   0.03243	   0.06565
   0.03065	   0.06376
   0.02886	   0.06200
   0.02728	   0.06014
   0.02578	   0.05830
   0.02426	   0.05657
   0.02281	   0.05484
   0.02152	   0.05307
   0.02022	   0.05136
   0.01896	   0.04969
   0.01787	   0.04796
   0.01666	   0.04638
   0.01528	   0.04497
   0.01433	   0.04330
   0.01320	   0.04175
   0.01218	   0.04010
   0.01119	   0.03839
   0.01031	   0.03655
   0.00931	   0.03473
   0.00827	   0.03285
   0.00735	   0.03083
   0.00642	   0.02873
   0.00562	   0.02649
   0.00472	   0.02418
   0.00372	   0.02178
   0.00294	   0.01913
   0.00220	   0.01628
   0.00143	   0.01321
   0.00069	   0.00988
   0.00020	   0.00619
   0.00000	   0.00205
   0.00003	  -0.00205
   0.00027	  -0.00564
   0.00076	  -0.00865
   0.00142	  -0.01129
   0.00210	  -0.01368
   0.00273	  -0.01586
   0.00336	  -0.01789
   0.00413	  -0.01971
   0.00502	  -0.02136
   0.00573	  -0.02300
   0.00642	  -0.02457
   0.00722	  -0.02602
   0.00800	  -0.02741
   0.00885	  -0.02870
   0.00981	  -0.02985
   0.01058	  -0.03108
   0.01135	  -0.03229
   0.01224	  -0.03335
   0.01313	  -0.03437
   0.01410	  -0.03529
   0.01489	  -0.03637
   0.01600	  -0.03716
   0.01718	  -0.03786
   0.01815	  -0.03884
   0.01911	  -0.03988
   0.02020	  -0.04080
   0.02132	  -0.04173
   0.02242	  -0.04272
   0.02360	  -0.04366
   0.02488	  -0.04450
   0.02618	  -0.04537
   0.02745	  -0.04633
   0.02878	  -0.04725
   0.03026	  -0.04798
   0.03177	  -0.04876
   0.03327	  -0.04966
   0.03486	  -0.05051
   0.03656	  -0.05125
   0.03837	  -0.05192
   0.04025	  -0.05255
   0.04222	  -0.05319
   0.04426	  -0.05383
   0.04640	  -0.05445
   0.04865	  -0.05498
   0.05103	  -0.05543
   0.05352	  -0.05585
   0.05614	  -0.05623
   0.05889	  -0.05658
   0.06179	  -0.05687
   0.06486	  -0.05712
   0.06810	  -0.05733
   0.07153	  -0.05750
   0.07517	  -0.05762
   0.07905	  -0.05769
   0.08320	  -0.05772
   0.08763	  -0.05771
   0.09239	  -0.05767
   0.09751	  -0.05761
   0.10303	  -0.05752
   0.10898	  -0.05741
   0.11541	  -0.05728
   0.12233	  -0.05712
   0.12979	  -0.05694
   0.13779	  -0.05673
   0.14634	  -0.05649
   0.15543	  -0.05620
   0.16503	  -0.05587
   0.17510	  -0.05549
   0.18560	  -0.05505
   0.19647	  -0.05457
   0.20766	  -0.05402
   0.21911	  -0.05344
   0.23079	  -0.05281
   0.24263	  -0.05214
   0.25460	  -0.05144
   0.26667	  -0.05069
   0.27882	  -0.04990
   0.29104	  -0.04907
   0.30331	  -0.04821
   0.31563	  -0.04732
   0.32800	  -0.04639
   0.34039	  -0.04544
   0.35282	  -0.04446
   0.36528	  -0.04346
   0.37776	  -0.04243
   0.39027	  -0.04139
   0.40280	  -0.04034
   0.41534	  -0.03928
   0.42790	  -0.03820
   0.44045	  -0.03713
   0.45299	  -0.03605
   0.46553	  -0.03496
   0.47804	  -0.03388
   0.49054	  -0.03281
   0.50303	  -0.03173
   0.51554	  -0.03067
   0.52806	  -0.02961
   0.54058	  -0.02858
   0.55311	  -0.02755
   0.56565	  -0.02653
   0.57818	  -0.02553
   0.59070	  -0.02455
   0.60323	  -0.02358
   0.61575	  -0.02261
   0.62827	  -0.02166
   0.64079	  -0.02073
   0.65331	  -0.01981
   0.66584	  -0.01889
   0.67836	  -0.01800
   0.69089	  -0.01712
   0.70343	  -0.01625
   0.71597	  -0.01540
   0.72851	  -0.01456
   0.74104	  -0.01373
   0.75355	  -0.01292
   0.76607	  -0.01212
   0.77857	  -0.01134
   0.79107	  -0.01057
   0.80355	  -0.00982
   0.81601	  -0.00909
   0.82844	  -0.00837
   0.84083	  -0.00767
   0.85317	  -0.00698
   0.86545	  -0.00632
   0.87764	  -0.00567
   0.88972	  -0.00505
   0.90164	  -0.00445
   0.91336	  -0.00387
   0.92483	  -0.00331
   0.93599	  -0.00278
   0.94677	  -0.00229
   0.95713	  -0.00189
   0.96706	  -0.00156
   0.97651	  -0.00126
   0.98554	  -0.00079
   0.99428	  -0.00045
   1.00000	   0.00000
