Black_Pig-Sub_Flight-BL4900
   1.00000	   0.00000
   0.99668	   0.00027
   0.99044	   0.00139
   0.98332	   0.00235
   0.97556	   0.00320
   0.96772	   0.00412
   0.96000	   0.00512
   0.95229	   0.00612
   0.94448	   0.00703
   0.93665	   0.00790
   0.92883	   0.00887
   0.92097	   0.00989
   0.91306	   0.01086
   0.90508	   0.01180
   0.89708	   0.01274
   0.88908	   0.01368
   0.88112	   0.01463
   0.87319	   0.01555
   0.86524	   0.01644
   0.85728	   0.01733
   0.84937	   0.01828
   0.84142	   0.01928
   0.83347	   0.02028
   0.82559	   0.02121
   0.81768	   0.02206
   0.80971	   0.02286
   0.80171	   0.02365
   0.79374	   0.02447
   0.78576	   0.02532
   0.77776	   0.02618
   0.76978	   0.02703
   0.76182	   0.02785
   0.75386	   0.02861
   0.74589	   0.02934
   0.73789	   0.03003
   0.72988	   0.03072
   0.72189	   0.03142
   0.71389	   0.03216
   0.70589	   0.03290
   0.69795	   0.03359
   0.69003	   0.03421
   0.68207	   0.03475
   0.67407	   0.03525
   0.66603	   0.03574
   0.65800	   0.03623
   0.64996	   0.03673
   0.64194	   0.03720
   0.63393	   0.03766
   0.62591	   0.03809
   0.61789	   0.03849
   0.60989	   0.03887
   0.60191	   0.03920
   0.59393	   0.03948
   0.58593	   0.03971
   0.57791	   0.03990
   0.56987	   0.04008
   0.56182	   0.04025
   0.55377	   0.04041
   0.54572	   0.04056
   0.53766	   0.04071
   0.52961	   0.04085
   0.52156	   0.04100
   0.51351	   0.04115
   0.50547	   0.04128
   0.49744	   0.04139
   0.48942	   0.04148
   0.48139	   0.04155
   0.47337	   0.04159
   0.46536	   0.04160
   0.45735	   0.04157
   0.44934	   0.04150
   0.44131	   0.04140
   0.43328	   0.04128
   0.42523	   0.04114
   0.41718	   0.04100
   0.40913	   0.04085
   0.40108	   0.04069
   0.39303	   0.04053
   0.38497	   0.04038
   0.37692	   0.04023
   0.36887	   0.04008
   0.36083	   0.03991
   0.35281	   0.03973
   0.34479	   0.03953
   0.33678	   0.03929
   0.32879	   0.03900
   0.32079	   0.03868
   0.31276	   0.03833
   0.30472	   0.03796
   0.29668	   0.03761
   0.28865	   0.03726
   0.28063	   0.03689
   0.27262	   0.03650
   0.26460	   0.03608
   0.25658	   0.03567
   0.24857	   0.03529
   0.24054	   0.03493
   0.23253	   0.03455
   0.22457	   0.03413
   0.21662	   0.03363
   0.20868	   0.03308
   0.20075	   0.03244
   0.19278	   0.03174
   0.18479	   0.03103
   0.17688	   0.03037
   0.16892	   0.02980
   0.16096	   0.02922
   0.15315	   0.02854
   0.14526	   0.02772
   0.13731	   0.02686
   0.12938	   0.02607
   0.12142	   0.02530
   0.11352	   0.02448
   0.10560	   0.02358
   0.09765	   0.02264
   0.08977	   0.02163
   0.08189	   0.02055
   0.07395	   0.01940
   0.06603	   0.01822
   0.05819	   0.01704
   0.05035	   0.01593
   0.04267	   0.01480
   0.03507	   0.01342
   0.02762	   0.01196
   0.02065	   0.01023
   0.01372	   0.00856
   0.00782	   0.00666
   0.00389	   0.00440
   0.00168	   0.00225
   0.00046	   0.00088
  -0.00001	  -0.00004
   0.00012	  -0.00091
   0.00093	  -0.00182
   0.00273	  -0.00305
   0.00639	  -0.00477
   0.01176	  -0.00608
   0.01844	  -0.00676
   0.02610	  -0.00766
   0.03381	  -0.00858
   0.04143	  -0.00920
   0.04933	  -0.00966
   0.05731	  -0.01012
   0.06530	  -0.01062
   0.07332	  -0.01114
   0.08136	  -0.01165
   0.08934	  -0.01215
   0.09727	  -0.01258
   0.10526	  -0.01294
   0.11330	  -0.01328
   0.12133	  -0.01363
   0.12936	  -0.01397
   0.13739	  -0.01428
   0.14544	  -0.01460
   0.15348	  -0.01490
   0.16151	  -0.01519
   0.16954	  -0.01546
   0.17758	  -0.01572
   0.18563	  -0.01598
   0.19366	  -0.01623
   0.20168	  -0.01645
   0.20971	  -0.01665
   0.21776	  -0.01684
   0.22581	  -0.01703
   0.23385	  -0.01720
   0.24188	  -0.01736
   0.24992	  -0.01749
   0.25798	  -0.01762
   0.26603	  -0.01775
   0.27408	  -0.01788
   0.28212	  -0.01799
   0.29016	  -0.01809
   0.29821	  -0.01818
   0.30627	  -0.01827
   0.31433	  -0.01837
   0.32238	  -0.01846
   0.33042	  -0.01855
   0.33847	  -0.01863
   0.34653	  -0.01870
   0.35459	  -0.01878
   0.36264	  -0.01885
   0.37069	  -0.01892
   0.37874	  -0.01898
   0.38678	  -0.01903
   0.39484	  -0.01907
   0.40290	  -0.01910
   0.41095	  -0.01914
   0.41899	  -0.01916
   0.42703	  -0.01916
   0.43507	  -0.01915
   0.44312	  -0.01913
   0.45117	  -0.01910
   0.45922	  -0.01907
   0.46727	  -0.01902
   0.47531	  -0.01897
   0.48335	  -0.01890
   0.49141	  -0.01882
   0.49946	  -0.01874
   0.50752	  -0.01866
   0.51557	  -0.01857
   0.52361	  -0.01848
   0.53166	  -0.01837
   0.53972	  -0.01826
   0.54778	  -0.01815
   0.55584	  -0.01804
   0.56389	  -0.01793
   0.57193	  -0.01781
   0.57997	  -0.01768
   0.58802	  -0.01753
   0.59607	  -0.01738
   0.60411	  -0.01722
   0.61213	  -0.01704
   0.62013	  -0.01683
   0.62812	  -0.01657
   0.63611	  -0.01626
   0.64412	  -0.01591
   0.65215	  -0.01554
   0.66019	  -0.01515
   0.66823	  -0.01475
   0.67627	  -0.01437
   0.68431	  -0.01399
   0.69234	  -0.01363
   0.70039	  -0.01327
   0.70843	  -0.01292
   0.71647	  -0.01256
   0.72449	  -0.01219
   0.73252	  -0.01180
   0.74057	  -0.01140
   0.74860	  -0.01099
   0.75662	  -0.01061
   0.76463	  -0.01026
   0.77264	  -0.00995
   0.78067	  -0.00965
   0.78870	  -0.00936
   0.79672	  -0.00905
   0.80474	  -0.00871
   0.81276	  -0.00835
   0.82080	  -0.00797
   0.82884	  -0.00758
   0.83688	  -0.00719
   0.84493	  -0.00679
   0.85296	  -0.00639
   0.86101	  -0.00601
   0.86905	  -0.00562
   0.87709	  -0.00523
   0.88513	  -0.00483
   0.89315	  -0.00445
   0.90116	  -0.00410
   0.90919	  -0.00376
   0.91723	  -0.00344
   0.92528	  -0.00312
   0.93330	  -0.00280
   0.94130	  -0.00244
   0.94931	  -0.00209
   0.95733	  -0.00176
   0.96536	  -0.00144
   0.97341	  -0.00112
   0.98135	  -0.00072
   0.98899	  -0.00024
   0.99647	   0.00003
   1.00000	   0.00000
