Black_Pig-Sub_Flight-BL7000
   1.00000	   0.00000
   0.99651	   0.00016
   0.98962	   0.00109
   0.98223	   0.00186
   0.97436	   0.00273
   0.96645	   0.00375
   0.95859	   0.00479
   0.95075	   0.00578
   0.94289	   0.00670
   0.93504	   0.00761
   0.92718	   0.00860
   0.91928	   0.00963
   0.91137	   0.01064
   0.90344	   0.01161
   0.89552	   0.01256
   0.88762	   0.01352
   0.87974	   0.01453
   0.87187	   0.01560
   0.86398	   0.01673
   0.85610	   0.01783
   0.84825	   0.01884
   0.84039	   0.01975
   0.83248	   0.02059
   0.82454	   0.02140
   0.81663	   0.02224
   0.80875	   0.02316
   0.80083	   0.02413
   0.79292	   0.02511
   0.78505	   0.02600
   0.77717	   0.02681
   0.76923	   0.02756
   0.76128	   0.02831
   0.75336	   0.02911
   0.74543	   0.02995
   0.73749	   0.03080
   0.72959	   0.03160
   0.72170	   0.03231
   0.71378	   0.03295
   0.70581	   0.03355
   0.69783	   0.03415
   0.68987	   0.03476
   0.68189	   0.03539
   0.67392	   0.03602
   0.66597	   0.03661
   0.65803	   0.03717
   0.65008	   0.03767
   0.64211	   0.03814
   0.63414	   0.03858
   0.62615	   0.03900
   0.61816	   0.03941
   0.61018	   0.03980
   0.60222	   0.04016
   0.59427	   0.04047
   0.58631	   0.04073
   0.57834	   0.04094
   0.57034	   0.04114
   0.56233	   0.04132
   0.55433	   0.04151
   0.54634	   0.04168
   0.53835	   0.04184
   0.53036	   0.04197
   0.52236	   0.04209
   0.51435	   0.04220
   0.50635	   0.04230
   0.49836	   0.04240
   0.49038	   0.04246
   0.48239	   0.04250
   0.47440	   0.04252
   0.46639	   0.04253
   0.45839	   0.04254
   0.45040	   0.04252
   0.44242	   0.04249
   0.43443	   0.04242
   0.42643	   0.04234
   0.41843	   0.04225
   0.41042	   0.04216
   0.40243	   0.04206
   0.39444	   0.04194
   0.38645	   0.04179
   0.37844	   0.04164
   0.37044	   0.04149
   0.36244	   0.04133
   0.35445	   0.04115
   0.34649	   0.04094
   0.33852	   0.04069
   0.33054	   0.04040
   0.32255	   0.04009
   0.31455	   0.03978
   0.30656	   0.03947
   0.29857	   0.03917
   0.29058	   0.03890
   0.28259	   0.03862
   0.27464	   0.03832
   0.26672	   0.03794
   0.25879	   0.03749
   0.25083	   0.03697
   0.24285	   0.03644
   0.23487	   0.03593
   0.22688	   0.03541
   0.21892	   0.03488
   0.21094	   0.03432
   0.20297	   0.03378
   0.19500	   0.03325
   0.18703	   0.03273
   0.17911	   0.03216
   0.17120	   0.03151
   0.16325	   0.03082
   0.15527	   0.03010
   0.14732	   0.02939
   0.13939	   0.02863
   0.13147	   0.02783
   0.12356	   0.02697
   0.11568	   0.02605
   0.10777	   0.02506
   0.09985	   0.02405
   0.09194	   0.02307
   0.08401	   0.02212
   0.07611	   0.02115
   0.06833	   0.02009
   0.06062	   0.01883
   0.05283	   0.01744
   0.04509	   0.01608
   0.03739	   0.01463
   0.02958	   0.01305
   0.02206	   0.01143
   0.01461	   0.00943
   0.00847	   0.00732
   0.00420	   0.00440
   0.00183	   0.00207
   0.00052	   0.00087
   0.00004	  -0.00000
   0.00033	  -0.00088
   0.00149	  -0.00181
   0.00402	  -0.00321
   0.00914	  -0.00476
   0.01599	  -0.00571
   0.02325	  -0.00638
   0.03076	  -0.00727
   0.03857	  -0.00796
   0.04644	  -0.00852
   0.05435	  -0.00896
   0.06225	  -0.00941
   0.07020	  -0.00992
   0.07817	  -0.01042
   0.08614	  -0.01089
   0.09410	  -0.01133
   0.10202	  -0.01171
   0.11000	  -0.01203
   0.11798	  -0.01235
   0.12596	  -0.01270
   0.13394	  -0.01303
   0.14191	  -0.01332
   0.14991	  -0.01361
   0.15791	  -0.01390
   0.16589	  -0.01417
   0.17386	  -0.01442
   0.18186	  -0.01464
   0.18986	  -0.01486
   0.19786	  -0.01509
   0.20584	  -0.01530
   0.21383	  -0.01548
   0.22183	  -0.01565
   0.22983	  -0.01582
   0.23783	  -0.01600
   0.24582	  -0.01616
   0.25381	  -0.01630
   0.26180	  -0.01643
   0.26981	  -0.01655
   0.27781	  -0.01668
   0.28582	  -0.01680
   0.29381	  -0.01691
   0.30181	  -0.01700
   0.30981	  -0.01708
   0.31781	  -0.01717
   0.32582	  -0.01727
   0.33382	  -0.01737
   0.34182	  -0.01746
   0.34982	  -0.01753
   0.35783	  -0.01761
   0.36583	  -0.01768
   0.37384	  -0.01775
   0.38184	  -0.01782
   0.38983	  -0.01787
   0.39783	  -0.01791
   0.40584	  -0.01794
   0.41385	  -0.01797
   0.42185	  -0.01800
   0.42985	  -0.01802
   0.43784	  -0.01802
   0.44583	  -0.01800
   0.45384	  -0.01797
   0.46185	  -0.01794
   0.46985	  -0.01790
   0.47785	  -0.01786
   0.48585	  -0.01781
   0.49385	  -0.01774
   0.50185	  -0.01767
   0.50986	  -0.01759
   0.51786	  -0.01752
   0.52587	  -0.01745
   0.53387	  -0.01737
   0.54187	  -0.01728
   0.54988	  -0.01718
   0.55788	  -0.01708
   0.56589	  -0.01698
   0.57388	  -0.01687
   0.58186	  -0.01673
   0.58985	  -0.01657
   0.59784	  -0.01639
   0.60583	  -0.01618
   0.61383	  -0.01597
   0.62182	  -0.01574
   0.62980	  -0.01549
   0.63778	  -0.01521
   0.64578	  -0.01492
   0.65377	  -0.01462
   0.66177	  -0.01431
   0.66976	  -0.01399
   0.67776	  -0.01366
   0.68575	  -0.01332
   0.69375	  -0.01298
   0.70175	  -0.01265
   0.70974	  -0.01233
   0.71773	  -0.01200
   0.72571	  -0.01165
   0.73370	  -0.01128
   0.74169	  -0.01091
   0.74967	  -0.01055
   0.75764	  -0.01022
   0.76562	  -0.00993
   0.77360	  -0.00965
   0.78160	  -0.00939
   0.78960	  -0.00913
   0.79759	  -0.00886
   0.80556	  -0.00855
   0.81354	  -0.00822
   0.82153	  -0.00787
   0.82953	  -0.00751
   0.83753	  -0.00716
   0.84553	  -0.00680
   0.85352	  -0.00643
   0.86152	  -0.00607
   0.86952	  -0.00572
   0.87751	  -0.00536
   0.88551	  -0.00500
   0.89351	  -0.00465
   0.90150	  -0.00429
   0.90950	  -0.00395
   0.91750	  -0.00360
   0.92550	  -0.00326
   0.93347	  -0.00294
   0.94144	  -0.00265
   0.94940	  -0.00237
   0.95739	  -0.00207
   0.96538	  -0.00175
   0.97334	  -0.00144
   0.98118	  -0.00101
   0.98892	  -0.00043
   0.99643	   0.00003
   1.00000	   0.00000
