QQ_tip
   1.00000	   0.00000
   0.99898	   0.00204
   0.99659	   0.00272
   0.99318	   0.00339
   0.98772	   0.00474
   0.98022	   0.00609
   0.97271	   0.00743
   0.96521	   0.00877
   0.95737	   0.01012
   0.94918	   0.01146
   0.94100	   0.01280
   0.93247	   0.01414
   0.92360	   0.01548
   0.91439	   0.01682
   0.90518	   0.01816
   0.89598	   0.01950
   0.88643	   0.02084
   0.87653	   0.02217
   0.86630	   0.02351
   0.85607	   0.02485
   0.84584	   0.02618
   0.83527	   0.02752
   0.82469	   0.02885
   0.81412	   0.03019
   0.80286	   0.03152
   0.79161	   0.03286
   0.78035	   0.03419
   0.76842	   0.03552
   0.75648	   0.03685
   0.74420	   0.03818
   0.73158	   0.03951
   0.71896	   0.04084
   0.70566	   0.04217
   0.69168	   0.04350
   0.67735	   0.04482
   0.66269	   0.04615
   0.64734	   0.04747
   0.63097	   0.04879
   0.61801	   0.04944
   0.60914	   0.05009
   0.59993	   0.05075
   0.59038	   0.05141
   0.58049	   0.05206
   0.56992	   0.05271
   0.55900	   0.05337
   0.54741	   0.05402
   0.53479	   0.05467
   0.52115	   0.05531
   0.50614	   0.05595
   0.48943	   0.05659
   0.46965	   0.05722
   0.44304	   0.05783
   0.38472	   0.05835
   0.32742	   0.05751
   0.30218	   0.05676
   0.28342	   0.05603
   0.26808	   0.05530
   0.25477	   0.05458
   0.24284	   0.05387
   0.23158	   0.05316
   0.22101	   0.05244
   0.21146	   0.05174
   0.20259	   0.05103
   0.19407	   0.05032
   0.18588	   0.04962
   0.17804	   0.04892
   0.17053	   0.04821
   0.16337	   0.04751
   0.15655	   0.04681
   0.14973	   0.04611
   0.14325	   0.04541
   0.13711	   0.04471
   0.13131	   0.04401
   0.12585	   0.04332
   0.12040	   0.04262
   0.11494	   0.04192
   0.10982	   0.04123
   0.10471	   0.04053
   0.09993	   0.03984
   0.09550	   0.03914
   0.09072	   0.03845
   0.08629	   0.03775
   0.08220	   0.03706
   0.07844	   0.03637
   0.07469	   0.03567
   0.07094	   0.03498
   0.06753	   0.03429
   0.06412	   0.03360
   0.06071	   0.03291
   0.05764	   0.03222
   0.05457	   0.03153
   0.05150	   0.03084
   0.04877	   0.03015
   0.04604	   0.02946
   0.04366	   0.02877
   0.04127	   0.02808
   0.03888	   0.02739
   0.03649	   0.02670
   0.03411	   0.02601
   0.03206	   0.02533
   0.03035	   0.02464
   0.02865	   0.02395
   0.02660	   0.02326
   0.02490	   0.02258
   0.02319	   0.02189
   0.02149	   0.02120
   0.02012	   0.02052
   0.01876	   0.01983
   0.01739	   0.01915
   0.01603	   0.01846
   0.01467	   0.01778
   0.01330	   0.01709
   0.01228	   0.01640
   0.01126	   0.01572
   0.01023	   0.01503
   0.00921	   0.01435
   0.00819	   0.01366
   0.00750	   0.01298
   0.00682	   0.01230
   0.00614	   0.01161
   0.00546	   0.01093
   0.00477	   0.01024
   0.00409	   0.00956
   0.00341	   0.00888
   0.00273	   0.00819
   0.00205	   0.00683
   0.00136	   0.00614
   0.00068	   0.00478
   0.00000	   0.00000
   0.00068	  -0.00546
   0.00136	  -0.00682
   0.00205	  -0.00818
   0.00273	  -0.00886
   0.00341	  -0.00954
   0.00409	  -0.01022
   0.00477	  -0.01090
   0.00546	  -0.01158
   0.00648	  -0.01226
   0.00750	  -0.01294
   0.00853	  -0.01362
   0.00989	  -0.01430
   0.01126	  -0.01498
   0.01296	  -0.01565
   0.01467	  -0.01633
   0.01637	  -0.01701
   0.01842	  -0.01769
   0.02012	  -0.01836
   0.02217	  -0.01904
   0.02456	  -0.01971
   0.02660	  -0.02039
   0.02899	  -0.02107
   0.03138	  -0.02174
   0.03377	  -0.02242
   0.03649	  -0.02309
   0.03956	  -0.02377
   0.04263	  -0.02444
   0.04570	  -0.02511
   0.04911	  -0.02579
   0.05252	  -0.02646
   0.05593	  -0.02713
   0.05969	  -0.02780
   0.06378	  -0.02848
   0.06787	  -0.02915
   0.07196	  -0.02982
   0.07640	  -0.03049
   0.08117	  -0.03116
   0.08595	  -0.03183
   0.09072	  -0.03249
   0.09584	  -0.03316
   0.10130	  -0.03383
   0.10675	  -0.03450
   0.11221	  -0.03516
   0.11767	  -0.03583
   0.12347	  -0.03650
   0.12960	  -0.03716
   0.13608	  -0.03783
   0.14291	  -0.03849
   0.15007	  -0.03915
   0.15723	  -0.03982
   0.16439	  -0.04048
   0.17224	  -0.04114
   0.18042	  -0.04180
   0.18861	  -0.04246
   0.19714	  -0.04312
   0.20634	  -0.04378
   0.21589	  -0.04443
   0.22613	  -0.04509
   0.23772	  -0.04574
   0.25068	  -0.04638
   0.26603	  -0.04702
   0.28615	  -0.04765
   0.31855	  -0.04824
   0.36119	  -0.04881
   0.40382	  -0.04801
   0.43656	  -0.04724
   0.45771	  -0.04650
   0.47476	  -0.04577
   0.48943	  -0.04505
   0.50273	  -0.04433
   0.51501	  -0.04362
   0.52660	  -0.04290
   0.53752	  -0.04219
   0.54741	  -0.04148
   0.55696	  -0.04077
   0.56651	  -0.04006
   0.57572	  -0.03936
   0.58458	  -0.03865
   0.59311	  -0.03795
   0.60130	  -0.03724
   0.60948	  -0.03654
   0.61733	  -0.03583
   0.62517	  -0.03513
   0.63302	  -0.03443
   0.64052	  -0.03372
   0.64768	  -0.03302
   0.65484	  -0.03232
   0.66201	  -0.03162
   0.66917	  -0.03092
   0.67633	  -0.03021
   0.68315	  -0.02951
   0.69031	  -0.02881
   0.69748	  -0.02811
   0.70430	  -0.02741
   0.71112	  -0.02671
   0.71794	  -0.02601
   0.72476	  -0.02531
   0.73124	  -0.02461
   0.73772	  -0.02391
   0.74454	  -0.02321
   0.75136	  -0.02251
   0.75819	  -0.02181
   0.76501	  -0.02111
   0.77183	  -0.02040
   0.77865	  -0.01970
   0.78513	  -0.01900
   0.79161	  -0.01830
   0.79843	  -0.01760
   0.80525	  -0.01690
   0.81241	  -0.01620
   0.81958	  -0.01550
   0.82640	  -0.01480
   0.83322	  -0.01410
   0.84038	  -0.01340
   0.84789	  -0.01269
   0.85505	  -0.01199
   0.86221	  -0.01129
   0.86971	  -0.01059
   0.87756	  -0.00988
   0.88574	  -0.00918
   0.89393	  -0.00847
   0.90246	  -0.00777
   0.91644	  -0.00705
   0.93793	  -0.00563
   0.95839	  -0.00421
   0.98295	  -0.00346
   0.99932	  -0.00273
   1.00000	   0.00000
